Adoption,Died,Euthanasia,Return_to_owner,Transfer,ID
0.0883333333333,0.00166666666667,0.0483333333333,0.593333333333,0.268333333333,1
0.734333333333,0.005,0.00666666666667,0.149,0.105,2
0.372222222222,0.00166666666667,0.0166666666667,0.179444444444,0.43,3
0.156666666667,0.00333333333333,0.0266666666667,0.136666666667,0.676666666667,4
0.493333333333,0.0,0.0166666666667,0.286666666667,0.203333333333,5
0.303333333333,0.0,0.0233333333333,0.431666666667,0.241666666667,6
0.17,0.0,0.14,0.261666666667,0.428333333333,7
0.941666666667,0.0,0.00166666666667,0.03,0.0266666666667,8
0.803333333333,0.0,0.0,0.095,0.101666666667,9
0.54,0.01,0.0416666666667,0.27,0.138333333333,10
0.584166666667,0.0,0.0116666666667,0.181666666667,0.2225,11
0.0233333333333,0.005,0.065,0.0783333333333,0.828333333333,12
0.4475,0.0,0.05,0.156666666667,0.345833333333,13
0.276666666667,0.0116666666667,0.02,0.0533333333333,0.638333333333,14
0.866666666667,0.0,0.0,0.105,0.0283333333333,15
0.508333333333,0.00166666666667,0.015,0.105,0.37,16
0.195,0.0,0.0566666666667,0.578333333333,0.17,17
0.36,0.0,0.02,0.348333333333,0.271666666667,18
0.333333333333,0.0,0.0416666666667,0.22,0.405,19
0.00666666666667,0.025,0.48,0.00833333333333,0.48,20
0.0916666666667,0.00166666666667,0.045,0.156111111111,0.705555555556,21
0.0,0.00166666666667,0.00666666666667,0.0,0.991666666667,22
0.645,0.0,0.00333333333333,0.255,0.0966666666667,23
0.005,0.01,0.0366666666667,0.0,0.948333333333,24
0.826666666667,0.00166666666667,0.00166666666667,0.156666666667,0.0133333333333,25
0.121666666667,0.00833333333333,0.318333333333,0.0866666666667,0.465,26
0.945,0.0,0.005,0.005,0.045,27
0.0283333333333,0.0166666666667,0.045,0.125,0.785,28
0.438333333333,0.0,0.055,0.303333333333,0.203333333333,29
0.231666666667,0.0,0.0333333333333,0.505,0.23,30
0.285,0.0116666666667,0.0366666666667,0.108333333333,0.558333333333,31
0.927222222222,0.0,0.0,0.02,0.0527777777778,32
0.281666666667,0.02,0.133333333333,0.131666666667,0.433333333333,33
0.951666666667,0.0,0.00166666666667,0.0316666666667,0.015,34
0.563333333333,0.0133333333333,0.0433333333333,0.0,0.38,35
0.575,0.0,0.04,0.153333333333,0.231666666667,36
0.121666666667,0.0183333333333,0.136666666667,0.0516666666667,0.671666666667,37
0.691666666667,0.0,0.0,0.133333333333,0.175,38
0.571666666667,0.0,0.0233333333333,0.175,0.23,39
0.506666666667,0.0,0.0583333333333,0.113333333333,0.321666666667,40
0.085,0.00166666666667,0.04,0.575,0.298333333333,41
0.0,0.0,0.00638888888889,0.0,0.993611111111,42
0.5,0.0,0.015,0.0383333333333,0.446666666667,43
0.0,0.00333333333333,0.1125,0.00166666666667,0.8825,44
0.07,0.0566666666667,0.103333333333,0.0383333333333,0.731666666667,45
0.475,0.0,0.0816666666667,0.0366666666667,0.406666666667,46
0.263333333333,0.0116666666667,0.0183333333333,0.24,0.466666666667,47
0.316666666667,0.00333333333333,0.0266666666667,0.415,0.238333333333,48
0.541666666667,0.00166666666667,0.0133333333333,0.373333333333,0.07,49
0.123333333333,0.0116666666667,0.0266666666667,0.158333333333,0.68,50
0.235,0.248333333333,0.27,0.0116666666667,0.235,51
0.5,0.0,0.0233333333333,0.388333333333,0.0883333333333,52
0.98,0.0,0.00166666666667,0.0116666666667,0.00666666666667,53
0.13,0.158333333333,0.11,0.00333333333333,0.598333333333,54
0.0433333333333,0.005,0.358333333333,0.0116666666667,0.581666666667,55
0.306666666667,0.0,0.0816666666667,0.126666666667,0.485,56
0.56,0.0,0.045,0.231666666667,0.163333333333,57
0.0,0.0914166666667,0.00166666666667,0.00166666666667,0.90525,58
0.0133333333333,0.00833333333333,0.421666666667,0.05,0.506666666667,59
0.626666666667,0.00166666666667,0.00166666666667,0.0783333333333,0.291666666667,60
0.3,0.00833333333333,0.0183333333333,0.0266666666667,0.646666666667,61
0.276666666667,0.0,0.095,0.52,0.108333333333,62
0.258333333333,0.0116666666667,0.015,0.14,0.575,63
0.0,0.0583333333333,0.0216666666667,0.0,0.92,64
0.0416666666667,0.0266666666667,0.131666666667,0.0116666666667,0.788333333333,65
0.925,0.0,0.0,0.045,0.03,66
0.904583333333,0.0,0.0,0.00166666666667,0.09375,67
0.236666666667,0.0,0.14,0.431666666667,0.191666666667,68
0.246666666667,0.00166666666667,0.103333333333,0.518333333333,0.13,69
0.04,0.00166666666667,0.261666666667,0.03,0.666666666667,70
0.03,0.0216666666667,0.0791666666667,0.121666666667,0.7475,71
0.928333333333,0.0,0.0,0.035,0.0366666666667,72
0.0,0.005,0.0333333333333,0.0,0.961666666667,73
0.215,0.0,0.0633333333333,0.281666666667,0.44,74
0.0,0.00666666666667,0.0366666666667,0.00166666666667,0.955,75
0.575,0.06,0.04,0.00666666666667,0.318333333333,76
0.911666666667,0.0,0.00833333333333,0.0383333333333,0.0416666666667,77
0.28,0.0216666666667,0.335,0.0333333333333,0.33,78
0.585,0.00166666666667,0.0433333333333,0.225,0.145,79
0.975,0.00666666666667,0.0,0.01,0.00833333333333,80
0.0,0.0116666666667,0.0216666666667,0.0,0.966666666667,81
0.0,0.0363888888889,0.0166666666667,0.0,0.946944444444,82
0.618333333333,0.0,0.00166666666667,0.286666666667,0.0933333333333,83
0.00166666666667,0.0383333333333,0.181666666667,0.00333333333333,0.775,84
0.35,0.0,0.055,0.441666666667,0.153333333333,85
0.0716666666667,0.0316666666667,0.195,0.005,0.696666666667,86
0.05,0.0,0.228333333333,0.201666666667,0.52,87
0.483333333333,0.0,0.0483333333333,0.133333333333,0.335,88
0.0216666666667,0.00166666666667,0.218333333333,0.005,0.753333333333,89
0.723194444444,0.0,0.0,0.0266666666667,0.250138888889,90
0.0266666666667,0.0133333333333,0.605,0.0166666666667,0.338333333333,91
0.00333333333333,0.01,0.411666666667,0.0116666666667,0.563333333333,92
0.688333333333,0.0,0.0,0.00833333333333,0.303333333333,93
0.598333333333,0.005,0.00833333333333,0.358333333333,0.03,94
0.12,0.00833333333333,0.235,0.105,0.531666666667,95
0.463333333333,0.0,0.00333333333333,0.356666666667,0.176666666667,96
0.645,0.0,0.005,0.233333333333,0.116666666667,97
0.015,0.005,0.00166666666667,0.00166666666667,0.976666666667,98
0.17,0.0666666666667,0.255,0.00333333333333,0.505,99
0.213333333333,0.0,0.0166666666667,0.38,0.39,100
0.945833333333,0.0,0.0,0.01,0.0441666666667,101
0.7,0.025,0.0133333333333,0.151666666667,0.11,102
0.355,0.0,0.09,0.333333333333,0.221666666667,103
0.31,0.0,0.025,0.33,0.335,104
0.201666666667,0.0,0.00833333333333,0.123333333333,0.666666666667,105
0.74,0.0,0.00166666666667,0.195,0.0633333333333,106
0.393333333333,0.0,0.0233333333333,0.486666666667,0.0966666666667,107
0.0416666666667,0.0,0.15,0.485,0.323333333333,108
0.911666666667,0.00166666666667,0.0,0.0466666666667,0.04,109
0.310555555556,0.0,0.0633333333333,0.335,0.291111111111,110
0.501666666667,0.0,0.005,0.455,0.0383333333333,111
0.583333333333,0.0,0.005,0.231666666667,0.18,112
0.471666666667,0.0,0.00666666666667,0.4,0.121666666667,113
0.211666666667,0.0,0.0333333333333,0.545,0.21,114
0.005,0.0233333333333,0.426666666667,0.02,0.525,115
0.838333333333,0.0,0.0,0.0366666666667,0.125,116
0.743333333333,0.01,0.00333333333333,0.13,0.113333333333,117
0.03,0.00333333333333,0.13,0.543333333333,0.293333333333,118
0.183333333333,0.00333333333333,0.126666666667,0.498333333333,0.188333333333,119
0.095,0.175,0.173333333333,0.02,0.536666666667,120
0.985,0.0,0.0,0.00166666666667,0.0133333333333,121
0.886388888889,0.0,0.00333333333333,0.0233333333333,0.0869444444444,122
0.808333333333,0.0,0.02,0.0433333333333,0.128333333333,123
0.0,0.157055555556,0.0783333333333,0.0,0.764611111111,124
0.00166666666667,0.0166666666667,0.0266666666667,0.01,0.945,125
0.918333333333,0.0,0.00166666666667,0.0666666666667,0.0133333333333,126
0.278333333333,0.00333333333333,0.273333333333,0.025,0.42,127
0.684861111111,0.00166666666667,0.0,0.0333333333333,0.280138888889,128
0.991666666667,0.0,0.0,0.00666666666667,0.00166666666667,129
0.926722222222,0.0,0.0,0.0116111111111,0.0616666666667,130
0.501666666667,0.0,0.0316666666667,0.406666666667,0.06,131
0.985,0.0,0.0,0.0,0.015,132
0.851666666667,0.0,0.00166666666667,0.00333333333333,0.143333333333,133
0.245,0.0,0.0316666666667,0.595,0.128333333333,134
0.85,0.0,0.025,0.1,0.025,135
0.18625,0.00166666666667,0.14,0.293333333333,0.37875,136
0.583333333333,0.0,0.108333333333,0.133333333333,0.175,137
0.0,0.0216666666667,0.105,0.005,0.868333333333,138
0.24,0.00333333333333,0.0116666666667,0.628333333333,0.116666666667,139
0.741666666667,0.0,0.0,0.195,0.0633333333333,140
0.663333333333,0.00166666666667,0.00166666666667,0.17,0.163333333333,141
0.523333333333,0.0866666666667,0.101666666667,0.00166666666667,0.286666666667,142
0.29,0.005,0.025,0.318333333333,0.361666666667,143
0.166666666667,0.0,0.0683333333333,0.385,0.38,144
0.607055555556,0.0,0.0283333333333,0.311277777778,0.0533333333333,145
0.288333333333,0.0,0.0766666666667,0.585,0.05,146
0.701666666667,0.00166666666667,0.0516666666667,0.176666666667,0.0683333333333,147
0.22,0.0,0.0766666666667,0.465,0.238333333333,148
0.01,0.00333333333333,0.348333333333,0.045,0.593333333333,149
0.363333333333,0.04,0.123333333333,0.0116666666667,0.461666666667,150
0.128333333333,0.0216666666667,0.285,0.0966666666667,0.468333333333,151
0.0233333333333,0.00666666666667,0.173333333333,0.00333333333333,0.793333333333,152
0.491666666667,0.00166666666667,0.005,0.085,0.416666666667,153
0.0316666666667,0.00333333333333,0.0666666666667,0.444722222222,0.453611111111,154
0.48,0.0,0.00666666666667,0.01,0.503333333333,155
0.718333333333,0.0,0.01,0.0833333333333,0.188333333333,156
0.505,0.0,0.0283333333333,0.345,0.121666666667,157
0.00166666666667,0.0333333333333,0.0416666666667,0.0,0.923333333333,158
0.366666666667,0.00333333333333,0.0533333333333,0.271666666667,0.305,159
0.276666666667,0.0,0.141666666667,0.476666666667,0.105,160
0.546666666667,0.0,0.015,0.0633333333333,0.375,161
0.485,0.0,0.0433333333333,0.23,0.241666666667,162
0.0,0.00833333333333,0.00166666666667,0.005,0.985,163
0.991666666667,0.0,0.0,0.00333333333333,0.005,164
0.358333333333,0.0,0.015,0.403333333333,0.223333333333,165
0.938333333333,0.0,0.0,0.0,0.0616666666667,166
0.69,0.0,0.00166666666667,0.263333333333,0.045,167
0.557,0.0,0.00166666666667,0.421333333333,0.02,168
0.353333333333,0.0,0.00666666666667,0.505,0.135,169
0.51,0.0,0.00166666666667,0.045,0.443333333333,170
0.00333333333333,0.00666666666667,0.318333333333,0.0266666666667,0.645,171
0.428333333333,0.0,0.0133333333333,0.151666666667,0.406666666667,172
0.421666666667,0.0,0.0583333333333,0.408333333333,0.111666666667,173
0.301666666667,0.00666666666667,0.07,0.476666666667,0.145,174
0.408333333333,0.0116666666667,0.0216666666667,0.266666666667,0.291666666667,175
0.555,0.0933333333333,0.203333333333,0.00333333333333,0.145,176
0.43,0.0,0.0366666666667,0.365,0.168333333333,177
0.251666666667,0.00166666666667,0.0533333333333,0.0716666666667,0.621666666667,178
0.511666666667,0.0116666666667,0.0883333333333,0.116666666667,0.271666666667,179
0.0116666666667,0.00333333333333,0.290833333333,0.0166666666667,0.6775,180
0.0,0.0216666666667,0.065625,0.0,0.912708333333,181
0.386666666667,0.08,0.171666666667,0.00333333333333,0.358333333333,182
0.515,0.0,0.00833333333333,0.226666666667,0.25,183
0.178333333333,0.00166666666667,0.0583333333333,0.215,0.546666666667,184
0.473333333333,0.0,0.0,0.366666666667,0.16,185
0.305,0.0,0.0133333333333,0.391666666667,0.29,186
0.00333333333333,0.00666666666667,0.0325,0.00166666666667,0.955833333333,187
0.316666666667,0.0,0.0433333333333,0.493333333333,0.146666666667,188
0.68,0.0,0.00166666666667,0.095,0.223333333333,189
0.92,0.0,0.0,0.0116666666667,0.0683333333333,190
0.215,0.0183333333333,0.04,0.516666666667,0.21,191
0.621666666667,0.0,0.0383333333333,0.271666666667,0.0683333333333,192
0.106666666667,0.00166666666667,0.035,0.16,0.696666666667,193
0.323333333333,0.0,0.0316666666667,0.04,0.605,194
0.651666666667,0.0,0.0,0.08,0.268333333333,195
0.641666666667,0.005,0.0,0.0383333333333,0.315,196
0.456666666667,0.00166666666667,0.0133333333333,0.163333333333,0.365,197
0.65,0.0,0.01,0.108333333333,0.231666666667,198
0.411666666667,0.0,0.05,0.44,0.0983333333333,199
0.783333333333,0.0,0.0133333333333,0.121666666667,0.0816666666667,200
0.0,0.00166666666667,0.0416666666667,0.0,0.956666666667,201
0.363333333333,0.00333333333333,0.106666666667,0.17,0.356666666667,202
0.65,0.0,0.0166666666667,0.228333333333,0.105,203
0.828333333333,0.0,0.00166666666667,0.0283333333333,0.141666666667,204
0.0466666666667,0.0,0.0916666666667,0.390833333333,0.470833333333,205
0.65,0.005,0.0233333333333,0.163333333333,0.158333333333,206
0.0583333333333,0.0,0.0266666666667,0.246666666667,0.668333333333,207
0.0866666666667,0.0,0.131666666667,0.345,0.436666666667,208
0.376666666667,0.0,0.015,0.18,0.428333333333,209
0.131666666667,0.0,0.0416666666667,0.708333333333,0.118333333333,210
0.0266666666667,0.0266666666667,0.363333333333,0.00833333333333,0.575,211
0.155,0.0,0.101666666667,0.581666666667,0.161666666667,212
0.573333333333,0.0,0.0633333333333,0.311666666667,0.0516666666667,213
0.475,0.00333333333333,0.00666666666667,0.0583333333333,0.456666666667,214
0.0,0.005,0.0333333333333,0.0,0.961666666667,215
0.33,0.00166666666667,0.025,0.231666666667,0.411666666667,216
0.970833333333,0.0,0.00833333333333,0.00166666666667,0.0191666666667,217
0.29,0.0,0.0383333333333,0.0472222222222,0.624444444444,218
0.33,0.00166666666667,0.03,0.231666666667,0.406666666667,219
0.26,0.0,0.126666666667,0.42,0.193333333333,220
0.14,0.0116666666667,0.126666666667,0.243333333333,0.478333333333,221
0.0466666666667,0.0683333333333,0.26,0.00333333333333,0.621666666667,222
0.273333333333,0.0733333333333,0.085,0.00333333333333,0.565,223
0.691111111111,0.0,0.005,0.127222222222,0.176666666667,224
0.08,0.0,0.208333333333,0.553333333333,0.158333333333,225
0.545555555556,0.0,0.0783333333333,0.346111111111,0.03,226
0.015,0.005,0.171666666667,0.0,0.808333333333,227
0.00166666666667,0.00166666666667,0.005,0.00166666666667,0.99,228
0.616666666667,0.0,0.0516666666667,0.0683333333333,0.263333333333,229
0.07,0.075,0.318333333333,0.025,0.511666666667,230
0.993333333333,0.0,0.0,0.00333333333333,0.00333333333333,231
0.761666666667,0.0,0.00333333333333,0.025,0.21,232
0.005,0.0466666666667,0.0516666666667,0.0,0.896666666667,233
0.0366666666667,0.00166666666667,0.203333333333,0.395,0.363333333333,234
0.395,0.0,0.0333333333333,0.515,0.0566666666667,235
0.981666666667,0.0,0.00166666666667,0.00333333333333,0.0133333333333,236
0.75,0.0,0.00833333333333,0.148333333333,0.0933333333333,237
0.0466666666667,0.0283333333333,0.185,0.11,0.63,238
0.646666666667,0.005,0.005,0.196666666667,0.146666666667,239
0.856666666667,0.0,0.015,0.0233333333333,0.105,240
0.845,0.0,0.00333333333333,0.0116666666667,0.14,241
0.345,0.00166666666667,0.0483333333333,0.408333333333,0.196666666667,242
0.771666666667,0.00833333333333,0.035,0.00666666666667,0.178333333333,243
0.555,0.0,0.02,0.288333333333,0.136666666667,244
0.145833333333,0.0,0.01,0.165,0.679166666667,245
0.353333333333,0.00166666666667,0.0516666666667,0.5,0.0933333333333,246
0.443333333333,0.0,0.00333333333333,0.163333333333,0.39,247
0.488333333333,0.0,0.00333333333333,0.246666666667,0.261666666667,248
0.221666666667,0.005,0.085,0.4,0.288333333333,249
0.838111111111,0.0166666666667,0.01,0.0116666666667,0.123555555556,250
0.00833333333333,0.0366666666667,0.05,0.453333333333,0.451666666667,251
0.418333333333,0.00166666666667,0.0333333333333,0.291666666667,0.255,252
0.0,0.005,0.0866666666667,0.0,0.908333333333,253
0.156666666667,0.0,0.02,0.65,0.173333333333,254
0.005,0.0166666666667,0.0233333333333,0.00166666666667,0.953333333333,255
0.484722222222,0.0,0.0233333333333,0.188333333333,0.303611111111,256
0.245,0.00333333333333,0.055,0.116666666667,0.58,257
0.6,0.0,0.00166666666667,0.0133333333333,0.385,258
0.323333333333,0.00166666666667,0.0383333333333,0.405,0.231666666667,259
0.941666666667,0.0,0.0,0.0316666666667,0.0266666666667,260
0.751111111111,0.00166666666667,0.00333333333333,0.0633333333333,0.180555555556,261
0.666666666667,0.0,0.00166666666667,0.251666666667,0.08,262
0.85,0.0,0.0,0.118333333333,0.0316666666667,263
0.431666666667,0.0,0.0883333333333,0.273333333333,0.206666666667,264
0.281666666667,0.00166666666667,0.02,0.408333333333,0.288333333333,265
0.663333333333,0.0,0.005,0.14,0.191666666667,266
0.015,0.00333333333333,0.075,0.0283333333333,0.878333333333,267
0.0183333333333,0.0,0.473333333333,0.00666666666667,0.501666666667,268
0.0,0.00333333333333,0.296666666667,0.005,0.695,269
0.89,0.0,0.0283333333333,0.0416666666667,0.04,270
0.00666666666667,0.0366666666667,0.138333333333,0.00333333333333,0.815,271
0.245,0.03,0.226666666667,0.00833333333333,0.49,272
0.0516666666667,0.06,0.0883333333333,0.6,0.2,273
0.253333333333,0.03,0.0883333333333,0.12,0.508333333333,274
0.376666666667,0.0583333333333,0.176666666667,0.0333333333333,0.355,275
0.00666666666667,0.0133333333333,0.255,0.00833333333333,0.716666666667,276
0.0,0.0766666666667,0.0316666666667,0.0,0.891666666667,277
0.138333333333,0.0716666666667,0.106666666667,0.11,0.573333333333,278
0.746666666667,0.0116666666667,0.0183333333333,0.111666666667,0.111666666667,279
0.0583333333333,0.035,0.168333333333,0.06,0.678333333333,280
0.305,0.0,0.181666666667,0.296666666667,0.216666666667,281
0.181666666667,0.0,0.0683333333333,0.521666666667,0.228333333333,282
0.00666666666667,0.0116666666667,0.0579166666667,0.01,0.91375,283
0.873121031746,0.0,0.00166666666667,0.0266666666667,0.0985456349206,284
0.201666666667,0.0,0.248333333333,0.405,0.145,285
0.303333333333,0.00166666666667,0.0133333333333,0.556666666667,0.125,286
0.0166666666667,0.015,0.275,0.04,0.653333333333,287
0.0,0.055,0.0416666666667,0.0,0.903333333333,288
0.305,0.00333333333333,0.02,0.118333333333,0.553333333333,289
0.261666666667,0.0,0.0633333333333,0.49,0.185,290
0.629166666667,0.00333333333333,0.02,0.035,0.3125,291
0.978333333333,0.0,0.0,0.00166666666667,0.02,292
0.878333333333,0.0,0.01,0.01,0.101666666667,293
0.0366666666667,0.01,0.14,0.133333333333,0.68,294
0.28,0.00166666666667,0.0533333333333,0.573333333333,0.0916666666667,295
0.0266666666667,0.0166666666667,0.0775,0.0433333333333,0.835833333333,296
0.193333333333,0.0,0.0933333333333,0.413333333333,0.3,297
0.0283333333333,0.025,0.322638888889,0.153333333333,0.470694444444,298
0.61,0.0,0.0,0.106666666667,0.283333333333,299
0.21,0.0,0.025,0.271666666667,0.493333333333,300
0.431666666667,0.01,0.00833333333333,0.48,0.07,301
0.958333333333,0.0,0.0,0.00666666666667,0.035,302
0.978333333333,0.0,0.00166666666667,0.00666666666667,0.0133333333333,303
0.42,0.00166666666667,0.0333333333333,0.305,0.24,304
0.00666666666667,0.0,0.336666666667,0.0316666666667,0.625,305
0.313333333333,0.00333333333333,0.121666666667,0.468333333333,0.0933333333333,306
0.82,0.00166666666667,0.00666666666667,0.0166666666667,0.155,307
0.535,0.0,0.0,0.341666666667,0.123333333333,308
0.634166666667,0.0,0.00166666666667,0.278333333333,0.0858333333333,309
0.133333333333,0.116666666667,0.07125,0.0,0.67875,310
0.283333333333,0.0,0.01,0.59,0.116666666667,311
0.993333333333,0.0,0.0,0.00666666666667,0.0,312
0.0283333333333,0.00333333333333,0.225,0.0,0.743333333333,313
0.425,0.0,0.0416666666667,0.318333333333,0.215,314
0.005,0.00166666666667,0.0166666666667,0.0,0.976666666667,315
0.363333333333,0.0,0.02,0.41,0.206666666667,316
0.291666666667,0.0,0.0533333333333,0.241666666667,0.413333333333,317
0.482222222222,0.015,0.00333333333333,0.02,0.479444444444,318
0.0,0.0116666666667,0.0633333333333,0.00333333333333,0.921666666667,319
0.448333333333,0.0,0.00833333333333,0.481666666667,0.0616666666667,320
0.311666666667,0.00666666666667,0.0316666666667,0.3,0.35,321
0.0,0.158333333333,0.0427777777778,0.0,0.798888888889,322
0.0,0.0255555555556,0.144861111111,0.00166666666667,0.827916666667,323
0.963333333333,0.00333333333333,0.00166666666667,0.0133333333333,0.0183333333333,324
0.97,0.0,0.0,0.00333333333333,0.0266666666667,325
0.643333333333,0.00166666666667,0.0,0.0116666666667,0.343333333333,326
0.933333333333,0.0,0.0,0.045,0.0216666666667,327
0.248333333333,0.00166666666667,0.02,0.613333333333,0.116666666667,328
0.84,0.0,0.00833333333333,0.103333333333,0.0483333333333,329
0.08,0.0166666666667,0.0683333333333,0.368333333333,0.466666666667,330
0.401666666667,0.0,0.13,0.376666666667,0.0916666666667,331
0.0166666666667,0.00166666666667,0.318333333333,0.01,0.653333333333,332
0.908333333333,0.005,0.00666666666667,0.00666666666667,0.0733333333333,333
0.555,0.00166666666667,0.00333333333333,0.02,0.42,334
0.01,0.0566666666667,0.27,0.045,0.618333333333,335
0.976666666667,0.00166666666667,0.0,0.00166666666667,0.02,336
0.02,0.00333333333333,0.705,0.00833333333333,0.263333333333,337
0.235,0.0816666666667,0.0366666666667,0.156666666667,0.49,338
0.0233333333333,0.04,0.185,0.113333333333,0.638333333333,339
0.23,0.0,0.116666666667,0.383333333333,0.27,340
0.201666666667,0.0116666666667,0.12,0.115,0.551666666667,341
0.564166666667,0.00666666666667,0.025,0.00833333333333,0.395833333333,342
0.0133333333333,0.01,0.675,0.0833333333333,0.218333333333,343
0.581666666667,0.0183333333333,0.0,0.0733333333333,0.326666666667,344
0.673333333333,0.0,0.04,0.0733333333333,0.213333333333,345
0.205,0.00666666666667,0.0216666666667,0.576666666667,0.19,346
0.328333333333,0.00166666666667,0.035,0.44,0.195,347
0.085,0.15,0.045,0.0183333333333,0.701666666667,348
0.213333333333,0.0,0.0733333333333,0.605,0.108333333333,349
0.425,0.0,0.0666666666667,0.383333333333,0.125,350
0.516666666667,0.0,0.0,0.155,0.328333333333,351
0.0,0.00666666666667,0.00666666666667,0.0,0.986666666667,352
0.296666666667,0.00333333333333,0.075,0.468333333333,0.156666666667,353
0.996666666667,0.0,0.0,0.00166666666667,0.00166666666667,354
0.705,0.0,0.01,0.138333333333,0.146666666667,355
0.01,0.0166666666667,0.186666666667,0.0,0.786666666667,356
0.568333333333,0.0,0.01,0.0266666666667,0.395,357
0.560333333333,0.0,0.0,0.0283333333333,0.411333333333,358
0.675,0.0266666666667,0.0733333333333,0.005,0.22,359
0.621666666667,0.00166666666667,0.0116666666667,0.0183333333333,0.346666666667,360
0.921666666667,0.0,0.00166666666667,0.000833333333333,0.0758333333333,361
0.0466666666667,0.00333333333333,0.197333333333,0.491,0.261666666667,362
0.295,0.0,0.0733333333333,0.555,0.0766666666667,363
0.667416666667,0.0,0.00666666666667,0.025,0.300916666667,364
0.36,0.0,0.0133333333333,0.173333333333,0.453333333333,365
0.05,0.0,0.698333333333,0.0,0.251666666667,366
0.329166666667,0.0,0.00833333333333,0.03,0.6325,367
0.0133333333333,0.0133333333333,0.673333333333,0.0433333333333,0.256666666667,368
0.005,0.0133333333333,0.563333333333,0.0166666666667,0.401666666667,369
0.741666666667,0.0,0.00666666666667,0.0383333333333,0.213333333333,370
0.578333333333,0.0,0.0433333333333,0.285,0.0933333333333,371
0.82,0.005,0.00333333333333,0.0433333333333,0.128333333333,372
0.981666666667,0.0,0.0,0.0166666666667,0.00166666666667,373
0.156666666667,0.005,0.085,0.595,0.158333333333,374
0.0,0.00333333333333,0.175,0.00666666666667,0.815,375
0.333333333333,0.00166666666667,0.00833333333333,0.483333333333,0.173333333333,376
0.308333333333,0.0,0.151666666667,0.203333333333,0.336666666667,377
0.64,0.0,0.00333333333333,0.151666666667,0.205,378
0.345611111111,0.0,0.075,0.228333333333,0.351055555556,379
0.145,0.126666666667,0.0283333333333,0.00833333333333,0.691666666667,380
0.656666666667,0.005,0.01,0.0733333333333,0.255,381
0.01,0.04,0.125,0.0,0.825,382
0.00166666666667,0.151666666667,0.0583333333333,0.0,0.788333333333,383
0.0,0.00666666666667,0.118333333333,0.00166666666667,0.873333333333,384
0.618333333333,0.0566666666667,0.00166666666667,0.246666666667,0.0766666666667,385
0.203333333333,0.0,0.0233333333333,0.69,0.0833333333333,386
0.0,0.005,0.0375,0.0,0.9575,387
0.666666666667,0.0,0.0,0.235,0.0983333333333,388
0.840833333333,0.0,0.0,0.00333333333333,0.155833333333,389
0.829388888889,0.0,0.05,0.0,0.120611111111,390
0.0966666666667,0.0,0.211666666667,0.431666666667,0.26,391
0.00166666666667,0.015,0.02,0.00333333333333,0.96,392
0.85,0.0,0.0,0.00666666666667,0.143333333333,393
0.00666666666667,0.0383333333333,0.248333333333,0.00833333333333,0.698333333333,394
0.331666666667,0.00166666666667,0.133333333333,0.346666666667,0.186666666667,395
0.216666666667,0.0,0.0383333333333,0.565,0.18,396
0.0583333333333,0.0,0.150833333333,0.1575,0.633333333333,397
0.475,0.025,0.025,0.03,0.445,398
0.47,0.0,0.0,0.496666666667,0.0333333333333,399
0.89,0.0,0.00166666666667,0.0583333333333,0.05,400
0.99,0.0,0.0,0.00833333333333,0.00166666666667,401
0.656666666667,0.0,0.005,0.231666666667,0.106666666667,402
0.715,0.0,0.025,0.045,0.215,403
0.005,0.0433333333333,0.095,0.00333333333333,0.853333333333,404
0.166666666667,0.0133333333333,0.01,0.0933333333333,0.716666666667,405
0.24,0.0,0.0133333333333,0.701666666667,0.045,406
0.703333333333,0.0133333333333,0.0133333333333,0.0366666666667,0.233333333333,407
0.153333333333,0.00166666666667,0.203333333333,0.423333333333,0.218333333333,408
0.835277777778,0.00166666666667,0.0,0.035,0.128055555556,409
0.0,0.226666666667,0.0816666666667,0.0,0.691666666667,410
0.0833333333333,0.0,0.0683333333333,0.586666666667,0.261666666667,411
0.543333333333,0.0,0.005,0.0,0.451666666667,412
0.408333333333,0.0,0.0516666666667,0.366666666667,0.173333333333,413
0.985,0.0,0.0,0.00666666666667,0.00833333333333,414
0.221666666667,0.00833333333333,0.0366666666667,0.378333333333,0.355,415
0.998333333333,0.0,0.0,0.0,0.00166666666667,416
0.333333333333,0.0,0.045,0.361666666667,0.26,417
0.371666666667,0.0,0.0333333333333,0.135,0.46,418
0.45,0.0,0.0316666666667,0.00666666666667,0.511666666667,419
0.613333333333,0.0,0.01,0.065,0.311666666667,420
0.811666666667,0.0,0.005,0.0233333333333,0.16,421
0.00166666666667,0.005,0.00833333333333,0.00166666666667,0.983333333333,422
0.0,0.0116666666667,0.00333333333333,0.00166666666667,0.983333333333,423
0.955,0.0,0.00166666666667,0.005,0.0383333333333,424
0.76,0.0,0.005,0.015,0.22,425
0.00166666666667,0.0316666666667,0.175,0.0916666666667,0.7,426
0.606666666667,0.00166666666667,0.0133333333333,0.27,0.108333333333,427
0.00666666666667,0.0166666666667,0.156666666667,0.00166666666667,0.818333333333,428
0.095,0.00333333333333,0.015,0.208333333333,0.678333333333,429
0.0,0.00333333333333,0.015,0.0,0.981666666667,430
0.61,0.0,0.01,0.168333333333,0.211666666667,431
0.365,0.00166666666667,0.0316666666667,0.403333333333,0.198333333333,432
0.64,0.0,0.0,0.316666666667,0.0433333333333,433
0.365,0.0,0.0116666666667,0.416666666667,0.206666666667,434
0.0,0.00333333333333,0.0316666666667,0.0,0.965,435
0.0166666666667,0.00833333333333,0.265,0.00666666666667,0.703333333333,436
0.286666666667,0.0,0.00333333333333,0.00833333333333,0.701666666667,437
0.385,0.0,0.0133333333333,0.36,0.241666666667,438
0.015,0.01,0.323333333333,0.0566666666667,0.595,439
0.746388888889,0.0233333333333,0.00166666666667,0.0483333333333,0.180277777778,440
0.0983333333333,0.02,0.12,0.216666666667,0.545,441
0.451666666667,0.0,0.0466666666667,0.163333333333,0.338333333333,442
0.687,0.0,0.01,0.08,0.223,443
0.251666666667,0.00166666666667,0.0716666666667,0.498333333333,0.176666666667,444
0.503333333333,0.00166666666667,0.035,0.209666666667,0.250333333333,445
0.71,0.00166666666667,0.01,0.2,0.0783333333333,446
0.423333333333,0.0166666666667,0.0166666666667,0.288333333333,0.255,447
0.185,0.005,0.0533333333333,0.00333333333333,0.753333333333,448
0.551666666667,0.108333333333,0.0833333333333,0.01,0.246666666667,449
0.658333333333,0.0,0.055,0.085,0.201666666667,450
0.0,0.00666666666667,0.0177777777778,0.0,0.975555555556,451
0.435,0.00166666666667,0.0983333333333,0.201666666667,0.263333333333,452
0.595,0.0,0.00166666666667,0.346666666667,0.0566666666667,453
0.03,0.015,0.458333333333,0.0183333333333,0.478333333333,454
0.738333333333,0.0,0.0133333333333,0.205,0.0433333333333,455
0.671666666667,0.0,0.0166666666667,0.23,0.0816666666667,456
0.603333333333,0.00166666666667,0.00166666666667,0.0333333333333,0.36,457
0.055,0.00166666666667,0.278333333333,0.27,0.395,458
0.825,0.0,0.0,0.118333333333,0.0566666666667,459
0.0,0.311666666667,0.0558333333333,0.0,0.6325,460
0.531666666667,0.0,0.00166666666667,0.348333333333,0.118333333333,461
0.265,0.0,0.005,0.61,0.12,462
0.00166666666667,0.0383333333333,0.035,0.0,0.925,463
0.03,0.0,0.138333333333,0.501666666667,0.33,464
0.381666666667,0.0,0.123333333333,0.431666666667,0.0633333333333,465
0.606666666667,0.0,0.0383333333333,0.085,0.27,466
0.0166666666667,0.00833333333333,0.516666666667,0.0166666666667,0.441666666667,467
0.481666666667,0.0,0.0233333333333,0.298333333333,0.196666666667,468
0.636666666667,0.0,0.0183333333333,0.0883333333333,0.256666666667,469
0.353333333333,0.0,0.025,0.0983333333333,0.523333333333,470
0.00833333333333,0.005,0.14,0.00333333333333,0.843333333333,471
0.00333333333333,0.0166666666667,0.501666666667,0.0166666666667,0.461666666667,472
0.926666666667,0.0,0.0,0.005,0.0683333333333,473
0.471666666667,0.0,0.13,0.181666666667,0.216666666667,474
0.515,0.0,0.00666666666667,0.35,0.128333333333,475
0.846666666667,0.00166666666667,0.00166666666667,0.106666666667,0.0433333333333,476
0.00166666666667,0.00833333333333,0.365,0.0183333333333,0.606666666667,477
0.485,0.0,0.025,0.373333333333,0.116666666667,478
0.0416666666667,0.025,0.33,0.0133333333333,0.59,479
0.8625,0.0,0.00166666666667,0.00166666666667,0.134166666667,480
0.0833333333333,0.00333333333333,0.0615277777778,0.450138888889,0.401666666667,481
0.095,0.0,0.1,0.263333333333,0.541666666667,482
0.168333333333,0.00166666666667,0.0466666666667,0.448333333333,0.335,483
0.0366666666667,0.0483333333333,0.162,0.0483333333333,0.704666666667,484
0.47,0.00666666666667,0.128333333333,0.09,0.305,485
0.0383333333333,0.00166666666667,0.18,0.453333333333,0.326666666667,486
0.86,0.0,0.00166666666667,0.08,0.0583333333333,487
0.570833333333,0.0,0.0,0.34,0.0891666666667,488
0.273333333333,0.0533333333333,0.106666666667,0.00166666666667,0.565,489
0.0,0.005,0.04225,0.0,0.95275,490
0.00666666666667,0.00833333333333,0.323333333333,0.0,0.661666666667,491
0.025,0.0,0.0166666666667,0.28,0.678333333333,492
0.151666666667,0.0,0.06,0.721666666667,0.0666666666667,493
0.421666666667,0.0,0.0,0.526666666667,0.0516666666667,494
0.0966666666667,0.0,0.015,0.0616666666667,0.826666666667,495
0.53,0.005,0.0366666666667,0.085,0.343333333333,496
0.68,0.0,0.045,0.15,0.125,497
0.425,0.0,0.03,0.265,0.28,498
0.698333333333,0.00166666666667,0.0116666666667,0.09,0.198333333333,499
0.386666666667,0.0,0.18,0.353333333333,0.08,500
0.866666666667,0.0,0.00166666666667,0.00166666666667,0.13,501
0.253333333333,0.0,0.0316666666667,0.283333333333,0.431666666667,502
0.09,0.025,0.0433333333333,0.0166666666667,0.825,503
0.9625,0.00333333333333,0.00166666666667,0.0116666666667,0.0208333333333,504
0.533333333333,0.00166666666667,0.125,0.281666666667,0.0583333333333,505
0.2625,0.00833333333333,0.0383333333333,0.259166666667,0.431666666667,506
0.0566666666667,0.0,0.256666666667,0.268333333333,0.418333333333,507
0.593333333333,0.0,0.0783333333333,0.198333333333,0.13,508
0.351666666667,0.0,0.0416666666667,0.433333333333,0.173333333333,509
0.915,0.00333333333333,0.0,0.00333333333333,0.0783333333333,510
0.651666666667,0.01,0.0,0.101666666667,0.236666666667,511
0.06,0.00166666666667,0.0966666666667,0.71,0.131666666667,512
0.636666666667,0.00166666666667,0.0283333333333,0.135,0.198333333333,513
0.0541666666667,0.0166666666667,0.106666666667,0.0291666666667,0.793333333333,514
0.193333333333,0.015,0.0983333333333,0.421666666667,0.271666666667,515
0.52,0.0,0.015,0.25,0.215,516
0.0933333333333,0.00333333333333,0.141666666667,0.11,0.651666666667,517
0.718333333333,0.00166666666667,0.015,0.0133333333333,0.251666666667,518
0.0,0.00166666666667,0.00833333333333,0.00333333333333,0.986666666667,519
0.015,0.00166666666667,0.168333333333,0.00166666666667,0.813333333333,520
0.471666666667,0.00833333333333,0.00833333333333,0.443333333333,0.0683333333333,521
0.48625,0.00333333333333,0.0116666666667,0.128333333333,0.370416666667,522
0.693333333333,0.015,0.0733333333333,0.0216666666667,0.196666666667,523
0.191666666667,0.0,0.0283333333333,0.14,0.64,524
0.688333333333,0.0,0.00333333333333,0.0,0.308333333333,525
0.141666666667,0.0,0.0883333333333,0.483333333333,0.286666666667,526
0.456666666667,0.0,0.0583333333333,0.275,0.21,527
0.163333333333,0.0,0.0116666666667,0.725,0.1,528
0.00166666666667,0.00166666666667,0.03,0.0,0.966666666667,529
0.925833333333,0.0,0.00166666666667,0.0616666666667,0.0108333333333,530
0.00166666666667,0.0,0.0491666666667,0.00833333333333,0.940833333333,531
0.290833333333,0.0,0.158333333333,0.345,0.205833333333,532
0.885555555556,0.00166666666667,0.0,0.00333333333333,0.109444444444,533
0.535,0.0,0.035,0.0683333333333,0.361666666667,534
0.0,0.0,0.0183333333333,0.0,0.981666666667,535
0.771666666667,0.0,0.00333333333333,0.015,0.21,536
0.266666666667,0.0,0.138333333333,0.281666666667,0.313333333333,537
0.793333333333,0.0,0.015,0.095,0.0966666666667,538
0.403333333333,0.0,0.01,0.445,0.141666666667,539
0.165,0.00166666666667,0.266666666667,0.3,0.266666666667,540
0.00666666666667,0.0283333333333,0.0716666666667,0.208333333333,0.685,541
0.00166666666667,0.00833333333333,0.0173888888889,0.00166666666667,0.970944444444,542
0.936666666667,0.00166666666667,0.0,0.015,0.0466666666667,543
0.02,0.00666666666667,0.276666666667,0.01,0.686666666667,544
0.045,0.0383333333333,0.266666666667,0.0633333333333,0.586666666667,545
0.3,0.0,0.00833333333333,0.305,0.386666666667,546
0.00333333333333,0.00333333333333,0.0133333333333,0.00166666666667,0.978333333333,547
0.875,0.0,0.005,0.101666666667,0.0183333333333,548
0.015,0.00833333333333,0.463333333333,0.0516666666667,0.461666666667,549
0.00166666666667,0.00833333333333,0.01,0.0,0.98,550
0.56,0.0,0.00166666666667,0.31,0.128333333333,551
0.698333333333,0.0,0.0883333333333,0.158333333333,0.055,552
0.705333333333,0.0,0.01,0.18,0.104666666667,553
0.756666666667,0.00166666666667,0.00333333333333,0.0533333333333,0.185,554
0.00666666666667,0.00333333333333,0.151666666667,0.0133333333333,0.825,555
0.0333333333333,0.005,0.02,0.01,0.931666666667,556
0.06,0.0,0.0783333333333,0.391666666667,0.47,557
0.494642857143,0.0,0.00333333333333,0.155,0.347023809524,558
0.983611111111,0.0,0.0,0.00666666666667,0.00972222222222,559
0.305,0.00166666666667,0.0483333333333,0.521666666667,0.123333333333,560
0.31,0.0,0.0166666666667,0.62,0.0533333333333,561
0.0633333333333,0.005,0.103333333333,0.663333333333,0.165,562
0.0366666666667,0.00166666666667,0.095,0.16,0.706666666667,563
0.426666666667,0.0,0.0283333333333,0.216666666667,0.328333333333,564
0.0866666666667,0.0816666666667,0.458333333333,0.0,0.373333333333,565
0.601666666667,0.0,0.00166666666667,0.328333333333,0.0683333333333,566
0.00333333333333,0.00833333333333,0.0183333333333,0.0133333333333,0.956666666667,567
0.733333333333,0.00666666666667,0.00833333333333,0.1,0.151666666667,568
0.646666666667,0.0,0.00333333333333,0.215,0.135,569
0.656666666667,0.0,0.00166666666667,0.11,0.231666666667,570
0.616666666667,0.0,0.00333333333333,0.0283333333333,0.351666666667,571
0.605,0.0,0.005,0.31,0.08,572
0.0266666666667,0.0,0.151666666667,0.335,0.486666666667,573
0.00333333333333,0.025,0.0566666666667,0.00166666666667,0.913333333333,574
0.838333333333,0.00166666666667,0.00333333333333,0.0166666666667,0.14,575
0.825,0.00333333333333,0.00166666666667,0.03,0.14,576
0.326666666667,0.0,0.0783333333333,0.466666666667,0.128333333333,577
0.918333333333,0.0,0.0,0.00833333333333,0.0733333333333,578
0.0466666666667,0.0333333333333,0.448333333333,0.0116666666667,0.46,579
0.6,0.00333333333333,0.0116666666667,0.21373015873,0.17126984127,580
0.216666666667,0.00333333333333,0.035,0.526666666667,0.218333333333,581
0.0,0.00166666666667,0.0883333333333,0.00666666666667,0.903333333333,582
0.331666666667,0.0,0.0133333333333,0.358333333333,0.296666666667,583
0.803333333333,0.0,0.00666666666667,0.1,0.09,584
0.233333333333,0.0,0.00166666666667,0.111666666667,0.653333333333,585
0.101666666667,0.03,0.101666666667,0.00166666666667,0.765,586
0.825,0.00333333333333,0.015,0.0216666666667,0.135,587
0.025,0.04,0.175,0.156666666667,0.603333333333,588
0.42,0.0,0.0316666666667,0.448333333333,0.1,589
0.441666666667,0.00333333333333,0.00833333333333,0.26,0.286666666667,590
0.206666666667,0.00166666666667,0.0266666666667,0.621666666667,0.143333333333,591
0.533333333333,0.00333333333333,0.04,0.29,0.133333333333,592
0.00333333333333,0.005,0.015,0.00166666666667,0.975,593
0.248333333333,0.0,0.0616666666667,0.53,0.16,594
0.738333333333,0.00833333333333,0.0183333333333,0.101666666667,0.133333333333,595
0.431666666667,0.0,0.02,0.25,0.298333333333,596
0.913333333333,0.00166666666667,0.0383333333333,0.03,0.0166666666667,597
0.331111111111,0.0,0.0166666666667,0.630555555556,0.0216666666667,598
0.875833333333,0.0,0.0,0.05,0.0741666666667,599
0.308333333333,0.0433333333333,0.118333333333,0.00333333333333,0.526666666667,600
0.015,0.0233333333333,0.366666666667,0.125,0.47,601
0.551666666667,0.0,0.00333333333333,0.0833333333333,0.361666666667,602
0.28,0.0,0.0883333333333,0.0883333333333,0.543333333333,603
0.0316666666667,0.015,0.15,0.456666666667,0.346666666667,604
0.0,0.005,0.0421666666667,0.005,0.947833333333,605
0.00666666666667,0.00333333333333,0.206666666667,0.00833333333333,0.775,606
0.471666666667,0.0,0.00333333333333,0.085,0.44,607
0.0483333333333,0.00166666666667,0.075,0.133333333333,0.741666666667,608
0.03,0.01,0.05,0.0,0.91,609
0.06,0.0,0.035,0.433333333333,0.471666666667,610
0.29,0.0,0.0166666666667,0.055,0.638333333333,611
0.5,0.0,0.0166666666667,0.293333333333,0.19,612
0.635138888889,0.0,0.005,0.06,0.299861111111,613
0.258333333333,0.0,0.04,0.0983333333333,0.603333333333,614
0.878333333333,0.0,0.00166666666667,0.01,0.11,615
0.356666666667,0.0,0.05,0.265,0.328333333333,616
0.779166666667,0.0,0.0383333333333,0.0925,0.09,617
0.525,0.0,0.00666666666667,0.351666666667,0.116666666667,618
0.703333333333,0.0,0.00166666666667,0.005,0.29,619
0.996666666667,0.0,0.0,0.0,0.00333333333333,620
0.01,0.0216666666667,0.181666666667,0.0233333333333,0.763333333333,621
0.578333333333,0.00666666666667,0.0366666666667,0.226666666667,0.151666666667,622
0.0666666666667,0.0166666666667,0.301666666667,0.0466666666667,0.568333333333,623
0.306666666667,0.0,0.0216666666667,0.456666666667,0.215,624
0.675,0.0,0.0133333333333,0.255,0.0566666666667,625
0.24,0.00166666666667,0.0383333333333,0.0483333333333,0.671666666667,626
0.506666666667,0.00333333333333,0.0283333333333,0.323333333333,0.138333333333,627
0.00833333333333,0.05,0.171666666667,0.00166666666667,0.768333333333,628
0.343333333333,0.00166666666667,0.005,0.195,0.455,629
0.00166666666667,0.00333333333333,0.0119444444444,0.0,0.983055555556,630
0.283333333333,0.0,0.0366666666667,0.418333333333,0.261666666667,631
0.518333333333,0.0,0.005,0.173333333333,0.303333333333,632
0.789166666667,0.0133333333333,0.00166666666667,0.0333333333333,0.1625,633
0.708333333333,0.005,0.015,0.101666666667,0.17,634
0.0,0.0333333333333,0.015,0.0,0.951666666667,635
0.82,0.0,0.0266666666667,0.01,0.143333333333,636
0.906666666667,0.0,0.0,0.015,0.0783333333333,637
0.641666666667,0.0,0.0116666666667,0.323333333333,0.0233333333333,638
0.00166666666667,0.015,0.0116666666667,0.00166666666667,0.97,639
0.891666666667,0.0,0.0,0.0266666666667,0.0816666666667,640
0.0716666666667,0.15,0.19,0.01,0.578333333333,641
0.435,0.13,0.17,0.00166666666667,0.263333333333,642
0.00333333333333,0.0233333333333,0.0266666666667,0.0,0.946666666667,643
0.275,0.00333333333333,0.0316666666667,0.346666666667,0.343333333333,644
0.823333333333,0.0,0.00166666666667,0.075,0.1,645
0.596694444444,0.0,0.0233333333333,0.281638888889,0.0983333333333,646
0.298333333333,0.0,0.0766666666667,0.391666666667,0.233333333333,647
0.00166666666667,0.015,0.0266666666667,0.0,0.956666666667,648
0.025,0.00333333333333,0.015,0.0733333333333,0.883333333333,649
0.0,0.0883333333333,0.09,0.0,0.821666666667,650
0.00166666666667,0.015,0.208333333333,0.00333333333333,0.771666666667,651
0.671666666667,0.0,0.035,0.165,0.128333333333,652
0.288333333333,0.00333333333333,0.0183333333333,0.405,0.285,653
0.65,0.0,0.005,0.03,0.315,654
0.655277777778,0.0,0.00166666666667,0.0122222222222,0.330833333333,655
0.055,0.025,0.03,0.095,0.795,656
0.0133333333333,0.015,0.0466666666667,0.015,0.91,657
0.536666666667,0.0,0.0766666666667,0.163333333333,0.223333333333,658
