Adoption,Died,Euthanasia,Return_to_owner,Transfer,ID
0.0916038022504,0.00424843010254,0.0743892413113,0.41516838027,0.414590146066,1
0.570322620561,0.00111561915138,0.0187936988019,0.251648610845,0.158119450641,2
0.383351074285,0.00729091235427,0.0244977076731,0.178880728615,0.405979577072,3
0.165524516417,0.00566256550977,0.0401616339723,0.147936072264,0.640715211838,4
0.367762805218,0.00216308966818,0.0424568819609,0.341408317126,0.246208906027,5
0.314304527141,0.00179235809638,0.0506175031521,0.413226162384,0.220059449227,6
0.286811632359,0.00181718900124,0.094758682192,0.208043869703,0.408568626745,7
0.855352463174,0.00124895320881,0.00453490456771,0.0501579227263,0.0887057563236,8
0.800094314004,0.000576003003875,0.00275382060009,0.0920490325138,0.104526829878,9
0.408071863665,0.00343233204348,0.0414257336559,0.279460028719,0.267610041917,10
0.588089021895,0.000403353168169,0.0121274097261,0.144080005111,0.2553002101,11
0.0569474536057,0.00224792081411,0.144504006734,0.304148034501,0.492152584345,12
0.530162528656,0.000671435035382,0.0150489272278,0.164456652367,0.289660456714,13
0.428120378748,0.00539553664302,0.0418513273917,0.087786928962,0.436845828255,14
0.666100982633,0.000855036338271,0.0131031065551,0.177541149392,0.142399725082,15
0.548012150751,0.00128592358203,0.0143086729897,0.142909438216,0.293483814462,16
0.298862181967,0.00179113474594,0.0553010874358,0.421974826014,0.222070769837,17
0.335869421501,0.00324810385035,0.04077729512,0.389022588306,0.231082591222,18
0.386957149516,0.00873516935102,0.0475454976852,0.230259662957,0.326502520491,19
0.0114231413192,0.0119879924166,0.327287381037,0.0100529956126,0.639248489615,20
0.281188439466,0.00105689545303,0.0297761286375,0.147564391877,0.540414144567,21
0.0,0.00578761782178,0.0604883636326,0.0013250649361,0.932398953609,22
0.665592054964,0.000970654925578,0.0125632995227,0.178157962224,0.142716028364,23
0.00102311239807,0.0083784220564,0.0251263253573,0.00209269154386,0.963379448644,24
0.709821365706,0.00144111780395,0.00851648615119,0.194121693643,0.0860993366953,25
0.245258689529,0.0132578962523,0.149713785328,0.0697300537797,0.522039575111,26
0.922441748917,0.000625685104164,0.00267099891324,0.0197799411318,0.0544816259336,27
0.0317765052552,0.0186384116141,0.109224084104,0.0629277681414,0.777433230885,28
0.316490114707,0.0013098266703,0.0637207105311,0.406405653532,0.21207369456,29
0.379203903963,0.00113124608079,0.0574380436382,0.325536019414,0.236690786903,30
0.391453354237,0.00930547806731,0.0547959120097,0.106753437061,0.437691818625,31
0.819555041096,0.00067630149415,0.00285199360358,0.0603181274728,0.116598536333,32
0.330693903038,0.0121879365999,0.135521892395,0.0766471657843,0.444949102182,33
0.905759480175,0.00121376789147,0.00338985373976,0.0177107641457,0.0719261340477,34
0.408013625582,0.0245645934065,0.0272480646777,0.0127674605987,0.527406255735,35
0.468002573859,0.00139244753267,0.0322047140654,0.233192543022,0.265207721522,36
0.16959761586,0.0185879028201,0.153515995898,0.0482264182097,0.610072067212,37
0.775171455179,0.000543114609779,0.00294026608061,0.0837985111056,0.137546653025,38
0.331243899403,0.00300710193356,0.0538394378178,0.395662415852,0.216247144994,39
0.500696250111,0.00187980192597,0.0367623932705,0.0885318671866,0.372129687506,40
0.0980479206263,0.00547194730291,0.0598320221309,0.406580107179,0.430068002761,41
0.000450854847458,0.00726939868266,0.0287124902816,0.00115938789858,0.96240786829,42
0.56624340583,0.0010880701374,0.0280299939446,0.121661786508,0.28297674358,43
0.00140881454882,0.0172230766187,0.06895345423,0.00297191708515,0.909442737517,44
0.212499799886,0.0150415670429,0.130635510484,0.0789148800431,0.562908242544,45
0.388558060698,0.00517468201832,0.0548628877208,0.0713645665961,0.480039802967,46
0.399477766616,0.00976353200177,0.0468734131918,0.236608660706,0.307276627485,47
0.416740254784,0.00119948668852,0.0350048565687,0.339113761964,0.207941639994,48
0.372537911773,0.0017932572673,0.0459316631994,0.451654019673,0.128083148087,49
0.0831292075351,0.00466723824952,0.0642810678327,0.231250471983,0.616672014399,50
0.318302045496,0.0865190416695,0.0963932850184,0.0174602567713,0.481325371045,51
0.503565182556,0.00095600702892,0.0266524724909,0.365690916706,0.103135421218,52
0.955168515983,0.00110110777428,0.00245544031025,0.0157239769398,0.025550958993,53
0.172398955662,0.0800960789752,0.0738922211267,0.00632813754745,0.667284606689,54
0.035985632567,0.0202369218698,0.210954345751,0.0242852555193,0.708537844293,55
0.290091309878,0.00157455981014,0.0655011289145,0.174651646882,0.468181354516,56
0.494233379982,0.00115127225025,0.0243182531982,0.24986939994,0.230427694629,57
0.000789473684211,0.0314105802897,0.0294024510143,0.00265967987534,0.935737815136,58
0.0139789576115,0.0155591709418,0.255513355906,0.0169373422785,0.698011173263,59
0.71478133987,0.000953530286804,0.00697667241217,0.0764944973697,0.200793960061,60
0.410286107616,0.00552002635436,0.0391166269516,0.0794411334553,0.465636105623,61
0.333053927867,0.00192386953869,0.0532094449479,0.475399080003,0.136413677644,62
0.307314355654,0.00133536006944,0.0238011164015,0.154126900346,0.513422267529,63
0.00181528939792,0.0485682809385,0.0437358942059,0.002171893342,0.903708642116,64
0.0382736351382,0.0215910557421,0.155948519368,0.00726852668871,0.776918263062,65
0.712250068166,0.00124228347457,0.00855791777965,0.191054675115,0.0868950554654,66
0.894863300739,0.00111511797188,0.00299924107902,0.013412103702,0.0876102365081,67
0.0856180965526,0.00203444740334,0.18242818141,0.438713042887,0.291206231748,68
0.353571281664,0.00275993361329,0.0463066170097,0.363378419241,0.233983748472,69
0.0198353662974,0.0148792386379,0.169494710342,0.0116299029133,0.78416078181,70
0.0321879906692,0.0159538992749,0.118841406609,0.0897570222112,0.743259681236,71
0.820659746195,0.000713674159766,0.00282851392632,0.0598073802753,0.115990685444,72
0.0,0.0057361960354,0.0284386314364,0.00186211293256,0.963963059596,73
0.340068043738,0.0025681930311,0.0475984627219,0.349866858047,0.259898442463,74
0.00114679188727,0.0249626172132,0.0485820008745,0.00498273289836,0.920325857127,75
0.401958098281,0.0285645342334,0.0279312223547,0.0156590409713,0.52588710416,76
0.940047670499,0.0013335065604,0.0033230202782,0.0189223426111,0.0363734600517,77
0.328488756123,0.0106931664072,0.156220744829,0.0701647004531,0.434432632188,78
0.326343631042,0.00118519406935,0.0684803316203,0.402489924835,0.201500918433,79
0.920019328622,0.00176953174684,0.00359660981676,0.0201645623154,0.0544499674986,80
0.00130756168036,0.0177433935696,0.0349115857196,0.000775413668257,0.945262045362,81
1.71821305842e-05,0.0593621074246,0.0638730165456,0.00165485451257,0.875092839387,82
0.695303117775,0.000810906168768,0.00905355417111,0.199777384745,0.0950550371397,83
0.00153510980043,0.0233783553026,0.0620664820773,0.00359082757033,0.909429225249,84
0.358773430883,0.00211191658127,0.0487356642825,0.445244406496,0.145134581756,85
0.0498003728917,0.0324081991202,0.176036255261,0.00695498195455,0.734800190772,86
0.0610188546968,0.00252730316767,0.186087919435,0.290806168527,0.459559754174,87
0.482775393903,0.000752396454543,0.0367386628493,0.25092983283,0.228803713963,88
0.0159438438121,0.0169048675766,0.153293974909,0.00945633621871,0.804400977484,89
0.81414599325,0.000880506232814,0.0059684566422,0.028033792498,0.150971251377,90
0.0169097103153,0.0116390017537,0.46071836747,0.0147720071377,0.495960913323,91
0.0120391236288,0.0141393736812,0.299219220963,0.0134987319356,0.661103549792,92
0.817693481738,0.00241476203467,0.00374964819597,0.0167313273651,0.159410780666,93
0.541704978324,0.000727481738402,0.0251022696909,0.326575120336,0.105890149911,94
0.240022162204,0.0124848060846,0.144117411068,0.0806300379918,0.522745582652,95
0.610063332762,0.000796069329251,0.0218466636394,0.226119004756,0.141174929514,96
0.499027530645,0.000628185637684,0.0302321616157,0.353285100898,0.116827021204,97
0.000782682449797,0.00717001518925,0.025843427364,0.00106731185929,0.965136563138,98
0.252931770108,0.0486826706339,0.0822633059788,0.0093716167183,0.606750636561,99
0.328147682795,0.00152553077774,0.0493799237275,0.396950132161,0.223996730539,100
0.913542185361,0.00115200326708,0.0031515562199,0.0226582742583,0.0594959808938,101
0.632636202649,0.0102220250352,0.026618461312,0.159548243822,0.170975067182,102
0.409625034214,0.00107063657255,0.0392674608346,0.350680806508,0.199356061871,103
0.455626994194,0.000844568317586,0.0321962579004,0.263131374284,0.248200805304,104
0.303150713037,0.000805169556455,0.0216644705573,0.143820835605,0.530558811244,105
0.687091410277,0.00055858233813,0.0100196604945,0.204292707923,0.098037638967,106
0.370538988891,0.00180070648084,0.0477497158306,0.446265459551,0.133645129246,107
0.048804293714,0.00356533729393,0.107443413487,0.425549897909,0.414637057596,108
0.902987920415,0.00177124395176,0.00384141444246,0.0339788536179,0.0574205675726,109
0.370529745171,0.00511110940957,0.0514142360064,0.238838981603,0.33410592781,110
0.551419451228,0.000756059985645,0.0195865163877,0.32660406319,0.101633909208,111
0.648064856325,0.000716627726202,0.0144858702294,0.195307570514,0.141425075206,112
0.330289934498,0.00176231147892,0.0434519621896,0.424429900848,0.200065890985,113
0.321690258925,0.00135018112743,0.0510539433605,0.418517430619,0.207388185968,114
0.0132744723306,0.0166106425934,0.204365097546,0.0143209844631,0.751428803067,115
0.677197530922,0.00181706122044,0.00639448808945,0.128721248301,0.185869671467,116
0.669495718807,0.00251070855689,0.00847851568419,0.150694421812,0.16882063514,117
0.0345115768751,0.00159672543879,0.148141259007,0.501548078527,0.314202360151,118
0.237235575483,0.00276411592221,0.0882205703048,0.527575840564,0.144203897726,119
0.219956190622,0.0218348133227,0.143379518465,0.0736978553354,0.541131622255,120
0.924198471737,0.000848050919388,0.00205116775909,0.0186253405773,0.0542769690067,121
0.863999149739,0.00336497810266,0.00364047717265,0.0240165493132,0.104978845672,122
0.759982126751,0.00129032653126,0.00756296742622,0.0193036250775,0.211860954214,123
0.000204819277108,0.0819605433701,0.0836249287095,0.00242119553171,0.831788513112,124
0.00454890580823,0.0180864563676,0.0689093274198,0.0420062444333,0.866449065971,125
0.866402844966,0.000313056223883,0.00224072410304,0.0746357326157,0.056407642091,126
0.31773755779,0.0116957012678,0.206867871766,0.0725766302584,0.391122238917,127
0.826824241537,0.002876296494,0.00367892262142,0.0330336692476,0.1335868701,128
0.928845051533,0.00118331194219,0.00242845551538,0.019341333911,0.0482018470988,129
0.833945037218,0.00365439402364,0.0029104314724,0.0181567038272,0.141333433459,130
0.448300513401,0.002055413351,0.0300614337348,0.38002866137,0.139553978143,131
0.92843256479,0.000710863638614,0.00264376353357,0.0176091210574,0.0506036869806,132
0.761517386381,0.00101573553563,0.0124439705314,0.0203407986055,0.204682108946,133
0.395837065441,0.00102714631769,0.0374249900792,0.32870689912,0.237003899043,134
0.717502703988,0.0028962491428,0.0469280228065,0.135274348637,0.0973986754259,135
0.389975424358,0.000887227475224,0.0613121047061,0.314869419958,0.232955823503,136
0.561699906003,0.00140089142989,0.0447350295078,0.151609236842,0.240554936217,137
0.00250481927711,0.0468655877965,0.0869204304587,0.00276552878856,0.860943633679,138
0.312360683031,0.00124760274648,0.0370039953361,0.492673984676,0.15671373421,139
0.612376222965,0.00103392440413,0.0139102611193,0.270222470546,0.102457120966,140
0.547619324906,0.00122594414922,0.0145812058137,0.185130775534,0.251442749597,141
0.412930102705,0.0558754987525,0.087524742039,0.0135636218447,0.430106034659,142
0.314961088875,0.00172340053477,0.0513846765026,0.413226914327,0.21870391976,143
0.277391857168,0.00226258009065,0.0693405204373,0.466890717377,0.184114324927,144
0.53498271436,0.00104156039503,0.0243945735486,0.324158902582,0.115422249114,145
0.331460465441,0.00223574599034,0.0496131018579,0.488228274943,0.128462411768,146
0.454643502713,0.00273463456894,0.0463200097327,0.302685194226,0.193616658759,147
0.280223565221,0.00187222392993,0.0659084768153,0.456129705868,0.195866028165,148
0.0140573138665,0.0153361640398,0.214092210046,0.0158533044583,0.740661007589,149
0.263925284506,0.0507585675615,0.11451504944,0.0152127200741,0.555588378418,150
0.223112922985,0.0140007374337,0.165615127991,0.0794491697785,0.517822041812,151
0.0116024005653,0.0119722555123,0.196931585107,0.0073325226347,0.772161236181,152
0.554508288896,0.000300043284515,0.0125442815767,0.144136490523,0.288510895721,153
0.0374502693513,0.00347721366462,0.127175190251,0.392014290215,0.439883036518,154
0.665701116025,0.00129136032574,0.0112887428574,0.0334173946713,0.28830138612,155
0.648574360505,0.00169570368329,0.0102749569763,0.103129541265,0.23632543757,156
0.343201571998,0.00181255605061,0.046086881279,0.47070766567,0.138191325002,157
0.00168187633128,0.0195586129574,0.0419889182034,0.00229515333281,0.934475439175,158
0.364309636477,0.00490130105167,0.0512044182561,0.238371323879,0.341213320336,159
0.424662131883,0.00111167884405,0.0433283213628,0.335771863657,0.195126004254,160
0.43347768267,0.00113675252528,0.038532702913,0.282492394626,0.244360467266,161
0.46697442837,0.00159664270901,0.0312860001855,0.229141723685,0.271001205051,162
0.01302577963,0.0605566102706,0.0568904624799,0.0107899476325,0.858737199987,163
0.953643751808,0.000985792632612,0.00214388825723,0.0150054363828,0.0282211309192,164
0.377665270238,0.00191102196036,0.0383846361752,0.442022924744,0.140016146883,165
0.866588921312,0.00262078242058,0.00278491744708,0.0160121869977,0.111993191823,166
0.629923297291,0.000673243048816,0.0117532940715,0.257143421646,0.100506743942,167
0.649102331012,0.00112995257989,0.0152675963703,0.244291672569,0.0902084474684,168
0.64038875173,0.000460529320603,0.0102045895868,0.230077632718,0.118868496644,169
0.730955184518,0.000614853443802,0.00625538876456,0.0672085928455,0.194965980429,170
0.00460721904176,0.0109310419144,0.325552376635,0.0138754020618,0.645033960347,171
0.385450538658,0.00220279427389,0.0365749378398,0.313404456193,0.262367273035,172
0.308940964061,0.00129434291934,0.0674108854357,0.42150469188,0.200849115704,173
0.296432057047,0.0016488663164,0.065224214864,0.44609044412,0.190604417653,174
0.337315659356,0.0041012487848,0.0522165005607,0.363153922014,0.243212669285,175
0.466259460765,0.0938190199572,0.0796375229129,0.0116588809691,0.348625115396,176
0.341062216282,0.00290375719313,0.0481423217415,0.456453035027,0.151438669757,177
0.352625700062,0.0010510784251,0.0234466026154,0.112847588721,0.510029030176,178
0.495479016588,0.00570459239864,0.051584392803,0.101710582746,0.345521415465,179
0.017622313379,0.0127576171719,0.162431721133,0.0315827274939,0.775605620822,180
0.0010722271699,0.020999461207,0.0465336711004,0.00356254689974,0.927832093623,181
0.406228693997,0.0608185962835,0.0619670701829,0.0120474594434,0.458938180094,182
0.469484599259,0.00120132505543,0.0299273777734,0.233420980032,0.26596571788,183
0.0968134539353,0.00423311310932,0.0967979930517,0.307731178103,0.494424261801,184
0.560407162363,0.000869219211716,0.0177503174042,0.320127772849,0.100845528172,185
0.341458766666,0.00123567590256,0.0337413726864,0.43440790133,0.189156283415,186
0.000750225307418,0.0211759317374,0.0416905223689,0.00603950217637,0.93034381841,187
0.374074286256,0.0024842702681,0.047478619162,0.344755220755,0.231207603559,188
0.654814209425,0.000700308220315,0.00932593932952,0.0919561110763,0.243203431949,189
0.851897563964,0.000253422620842,0.00327729746304,0.0836990613471,0.0608726546048,190
0.309730556711,0.0033515098079,0.0563194342207,0.427144990114,0.203453509146,191
0.56105552428,0.000797794237281,0.0230695395061,0.30774428528,0.107332856697,192
0.102187080151,0.00260161930073,0.0395122117356,0.175117912882,0.680581175931,193
0.459902047653,0.00272673459796,0.0387215758972,0.0761955647968,0.422454077055,194
0.75711794693,0.000647284050762,0.0030029391589,0.0686512472765,0.170580582584,195
0.698007767303,0.00531029426287,0.00424483942504,0.037247581763,0.255189517247,196
0.488643160731,0.00095686291187,0.0330142688438,0.241760653789,0.235625053725,197
0.666682334347,0.000592844430192,0.0112523480605,0.222560230104,0.0989122430589,198
0.328068583267,0.0015516142434,0.051059586195,0.406386725221,0.212933491074,199
0.686846770852,0.000916984710098,0.0103278918567,0.198138515557,0.103769837024,200
0.0,0.0150370583343,0.0480696185387,0.00260644411698,0.93428687901,201
0.374311092667,0.00776863687284,0.0600702666571,0.225374986858,0.332475016945,202
0.599710280152,0.000624658758487,0.0155465942257,0.256775284946,0.127343181918,203
0.740732698128,0.00167034305902,0.0125377102248,0.0507054839992,0.194353764589,204
0.0424906898293,0.00414591511357,0.101456151715,0.410312189806,0.441595053537,205
0.545438308383,0.00506471618983,0.022326114092,0.18492609426,0.242244767075,206
0.471590607666,0.00111549744313,0.0320550539052,0.345290087487,0.149948753498,207
0.0530207424031,0.00134439101086,0.144459187257,0.423283381628,0.377892297701,208
0.402642888417,0.00131788542593,0.0411135034223,0.299367855168,0.255557867567,209
0.401538698805,0.00142624329475,0.0434299521443,0.305426690253,0.248178415502,210
0.0313380871724,0.0199622582521,0.206380820367,0.0189099485243,0.723408885685,211
0.266196288086,0.00223272804764,0.0719173481241,0.471663181447,0.187990454296,212
0.506916189714,0.000494130527221,0.0361757865322,0.352907204014,0.103506689213,213
0.464974917669,0.00220087810772,0.0308026711785,0.0834841137633,0.418537419281,214
0.000910542067918,0.0120423815437,0.0399268246659,0.00307787715714,0.944042374565,215
0.402483526913,0.00624752774075,0.0497285753045,0.119625121081,0.42191524896,216
0.913321643376,0.00103544013568,0.00810230343506,0.0153388298715,0.062201783182,217
0.300229439937,0.000611068701332,0.0244255474546,0.13060676593,0.544127177977,218
0.434794313071,0.00244294107505,0.0353643442506,0.266353398301,0.261045003303,219
0.282458118809,0.00201928090055,0.0648651572176,0.460189510563,0.19046793251,220
0.0597949671099,0.00272543768684,0.129780588198,0.347920747182,0.459778259823,221
0.0460101652723,0.0356870269001,0.211116068473,0.00986068659465,0.69732605276,222
0.227044597749,0.0832023783779,0.0882678241375,0.015180143915,0.58630505582,223
0.507799410621,0.000988132988714,0.0232910731302,0.253577264618,0.214344118642,224
0.0746043107043,0.00197849300093,0.197499006814,0.502579700303,0.223338489178,225
0.497241779072,0.00181757613114,0.0277512722836,0.343581083706,0.129608288807,226
0.0272285562537,0.0308559173398,0.221245579186,0.00869109238082,0.711978854839,227
0.0278132054277,0.0201221511352,0.0346378372338,0.0132389355006,0.904187870703,228
0.6163409506,0.00110767346206,0.0206858053492,0.209558118277,0.152307452312,229
0.0361415213223,0.0279322826435,0.18916938957,0.0135728098943,0.73318399657,230
0.956482511485,0.000923220715403,0.00173329635216,0.0148262743489,0.0260346970988,231
0.783823097608,0.001000922452,0.00599256120748,0.0562527003417,0.152930718391,232
0.00162343483185,0.0260052581062,0.0463555215108,0.00278827107787,0.923227514473,233
0.0416357073861,0.00222115816499,0.154326580538,0.413782975673,0.388033578238,234
0.299860612497,0.00160903356954,0.0637202361234,0.439082292996,0.195727824814,235
0.920791105147,0.000720943860755,0.00259530827629,0.0195941207001,0.0562985220155,236
0.545799323625,0.000860472747804,0.0243640131497,0.323682805273,0.105293385204,237
0.0283826492636,0.0234465541536,0.157182494447,0.0743057604514,0.716682541684,238
0.667923832279,0.00145885734825,0.0117011494759,0.172536514917,0.14637964598,239
0.744241736656,0.00221663801666,0.0221245599493,0.0418240599546,0.189593005424,240
0.717936046895,0.000392749331822,0.00789462905413,0.021434729576,0.252341845143,241
0.369480707209,0.00236218998462,0.0460054171626,0.43565591132,0.146495774324,242
0.803162825209,0.00560527982758,0.0218641151913,0.00894998638467,0.160417793388,243
0.50780144447,0.0029896485952,0.034301635137,0.216919357337,0.23798791446,244
0.37828552995,0.00107521576658,0.050581362453,0.32170941873,0.2483484731,245
0.337999543322,0.00267882472398,0.0458338544727,0.462563844235,0.150923933247,246
0.471465339744,0.00147951983414,0.0210383887762,0.199825124926,0.30619162672,247
0.537908001085,0.00219935122468,0.026033110479,0.204889242948,0.228970294264,248
0.299565333845,0.00328134979495,0.06181121649,0.429419360044,0.205922739827,249
0.834199051261,0.00794516377562,0.00597764030672,0.0216229625769,0.130255182079,250
0.00362317563881,0.0292167131442,0.0654076422921,0.304011994554,0.597740474371,251
0.318676190941,0.00285183670055,0.0504240492145,0.415533970194,0.21251395295,252
0.00142545470496,0.014041964594,0.0378712125847,0.000952237925369,0.945709130191,253
0.293953926146,0.00263172726427,0.0555196658607,0.425874630194,0.222020050535,254
0.000931755854293,0.00710208217426,0.0276412444864,0.000948137031809,0.963376780453,255
0.413543052438,0.000746013826865,0.0445503002136,0.326543086933,0.214617546588,256
0.326571628261,0.00326195354301,0.0711683280384,0.0940762959315,0.504921794226,257
0.340711995401,0.0010774318537,0.022544479327,0.113556747669,0.52210934575,258
0.265090527805,0.00376694956353,0.0658713871717,0.455991697038,0.209279438422,259
0.903013742055,0.000504888006089,0.00449182926275,0.0260728058346,0.0659167348419,260
0.718125537327,0.000511304687811,0.00800474716852,0.076744310581,0.196614100235,261
0.650421136946,0.00086801252549,0.0124063598925,0.196439485806,0.13986500483,262
0.752753492871,0.000243821188571,0.00660352777206,0.138427243925,0.101971914243,263
0.399031378074,0.00146699156599,0.0458717468053,0.309156322016,0.244473561539,264
0.346172158825,0.00137167590579,0.0370053013734,0.42447301428,0.190977849616,265
0.481154227225,0.00323294548293,0.038480442982,0.259758763209,0.217373621102,266
0.0120473295684,0.0142746059141,0.093164662461,0.0212373373395,0.859276064717,267
0.0175766054913,0.0163155952103,0.226534981832,0.0156782989745,0.723894518492,268
0.0150166618762,0.0175138357803,0.178485866416,0.014009318693,0.774974317234,269
0.863689158009,0.00143401931775,0.00438271808715,0.0467621387574,0.0837319658286,270
0.0353563922728,0.0228501646452,0.194695320728,0.010877424782,0.736220697572,271
0.182028393693,0.015464705075,0.213715850718,0.0496481827507,0.539142867763,272
0.0735095097365,0.00880192640361,0.081025918635,0.558326640992,0.278336004233,273
0.251039960628,0.00577688806491,0.156517429764,0.100745085806,0.485920635737,274
0.323303921605,0.0137906986796,0.215557926787,0.0781723650153,0.369175087914,275
0.0051968143396,0.0178888845026,0.166278099757,0.00386698730515,0.806769214096,276
0.000933333333333,0.0181302544495,0.0425072547936,0.0071061866242,0.931322970799,277
0.227883960914,0.0156122892031,0.131160369577,0.0817909465338,0.543552433773,278
0.725684597826,0.00424184325227,0.0221940213184,0.142107591808,0.105771945795,279
0.115548458338,0.0145432781484,0.0798121706745,0.0719630175295,0.718133075309,280
0.483662711657,0.000615765493834,0.0407989950994,0.336492326653,0.138430201097,281
0.278223199652,0.0022625961718,0.0516428923135,0.4536307846,0.214240527263,282
0.0160245458974,0.0211918163097,0.10075477649,0.0335750535548,0.828453807748,283
0.887156567334,0.00117493377206,0.00304483051236,0.0182512761579,0.0903723922237,284
0.280321211466,0.00278060020293,0.0707934645103,0.440620882303,0.205483841518,285
0.444380456253,0.00229977462056,0.0306872753617,0.381472310168,0.141160183597,286
0.0442609737582,0.0187710006916,0.230955711298,0.0355389090143,0.670473405238,287
0.000939056140459,0.0334471180921,0.0448841939654,0.00173265239188,0.91899697941,288
0.446923525804,0.00243616946303,0.0332676533255,0.262971857325,0.254400794083,289
0.345795271829,0.00214081765356,0.0460218741034,0.423739984845,0.182302051569,290
0.638422990484,0.00259103962489,0.0317387324474,0.0423444875607,0.284902749883,291
0.905695024773,0.000879700165281,0.00363228736083,0.0146713835158,0.0751216041849,292
0.818837886683,0.00102625791742,0.013783286749,0.0148184583305,0.15153411032,293
0.0540234376952,0.00757433714737,0.169429905105,0.102001947235,0.666970372817,294
0.315983853593,0.00239626222262,0.0525211865537,0.495623723305,0.133474974325,295
0.030663333482,0.0158423031563,0.101389879707,0.0538905036345,0.79821398002,296
0.382847298979,0.0014018147949,0.0478390546902,0.306954315478,0.260957516058,297
0.0285225666295,0.0265097076054,0.296735562824,0.0815569436396,0.566675219302,298
0.636779346338,0.00102961686978,0.0176381412775,0.206569809119,0.137983086395,299
0.358060562013,0.00430853379108,0.0359712154225,0.236410129499,0.365249559274,300
0.426202987863,0.00231254096349,0.0360748628653,0.399721256706,0.135688351602,301
0.918098429264,0.000838435570698,0.00256423443315,0.0207421529656,0.0577567477669,302
0.914486998938,0.00131563592279,0.0020560197665,0.016271298227,0.0658700471462,303
0.413762246352,0.00144667165935,0.0432135333511,0.297402301035,0.244175247603,304
0.0128186215888,0.011911626703,0.358739971625,0.0513730713868,0.565156708696,305
0.333979430641,0.00317542206436,0.069946582016,0.489421298954,0.103477266325,306
0.786393894565,0.00418243771666,0.00476690482539,0.0376122589428,0.16704450395,307
0.48882060376,0.00205591400173,0.030133462094,0.244129869646,0.234860150498,308
0.714801341439,0.000437747794458,0.00391398658152,0.175495531785,0.1053513924,309
0.145898129645,0.0917333064398,0.056935221178,0.00591537328404,0.699517969453,310
0.45144302702,0.00354762936118,0.0413406932896,0.291554351674,0.212114298655,311
0.92900728269,0.000978223364811,0.00810094694142,0.0135020127528,0.0484115342507,312
0.031570469442,0.0133711838453,0.136463434471,0.00736365008254,0.811231262159,313
0.315243000836,0.00134440563745,0.0604775030786,0.429758478977,0.193176611471,314
0.146194731096,0.0160041603817,0.0281925583887,0.0115789328216,0.798029617312,315
0.343445304247,0.00152113692056,0.0392578087154,0.43964820816,0.176127541957,316
0.292254225703,0.0016234200996,0.0526617511563,0.420660233213,0.232800369828,317
0.514336483847,0.00327526952801,0.0215143170053,0.0637199738021,0.397153955818,318
0.00110549424262,0.0167386956874,0.044482540729,0.00497932658116,0.93269394276,319
0.407786560535,0.0016190310052,0.0377859812057,0.411029643182,0.141778784072,320
0.373307019387,0.00625796032489,0.0390257856866,0.248031277787,0.333377956815,321
0.000204819277108,0.0789345338799,0.0687970252128,0.00117711165577,0.850886509974,322
0.00246956308297,0.0530159199605,0.103699219496,0.00379592213539,0.837019375325,323
0.907098235645,0.001908048243,0.00531615176147,0.0218592859087,0.0638182784418,324
0.889492596454,0.000902934144482,0.00190512366248,0.0234806280173,0.0842187177221,325
0.719141496065,0.00136744248384,0.0015502116206,0.0143274507668,0.263613399064,326
0.841380271117,0.000247341585537,0.00308769872953,0.0809715416986,0.0743131468693,327
0.378633853343,0.00218812608486,0.0412120777867,0.430828348599,0.147137594186,328
0.727998240173,0.000372499046801,0.00701900392116,0.143066032443,0.121544224416,329
0.0826468085895,0.0089387038905,0.11756872002,0.350683472821,0.440162294679,330
0.307874194202,0.00217447224608,0.0785549682978,0.48218643502,0.129209930233,331
0.0291572126861,0.0159343394476,0.188186590041,0.0110438035555,0.75567805427,332
0.844047992692,0.00348255134563,0.00362076778553,0.0172774290506,0.131571259127,333
0.787472432091,0.00153624994312,0.0136313942595,0.0236866196556,0.173673304051,334
0.0158011381429,0.0277512150362,0.152965726564,0.0329398479359,0.770542072321,335
0.900206734282,0.000900041896929,0.00356332642283,0.0249895602,0.0703403371982,336
0.0199855718365,0.0138545408518,0.517732179603,0.0158990973288,0.432528610379,337
0.451949690436,0.00192289231005,0.0409089096617,0.245234570931,0.25998393666,338
0.0234433524256,0.0259484491002,0.178518989848,0.0517638203846,0.720325388241,339
0.402255467029,0.00113269331303,0.0555403955103,0.30803574145,0.233035702699,340
0.216158798097,0.00918311321818,0.121671372386,0.0776064911061,0.575380225193,341
0.659869481066,0.00192576125673,0.00770793777274,0.0371167207757,0.293380099129,342
0.0122180891637,0.0273939621393,0.554871976532,0.074342839164,0.331173133001,343
0.660402570887,0.00260683165288,0.00881103547948,0.15052914577,0.177650416211,344
0.601752417845,0.000815969547041,0.0220833909924,0.123109047201,0.252239174415,345
0.442209180142,0.00237101299596,0.0305401535755,0.381354437874,0.143525215413,346
0.318308304242,0.00103597342004,0.0432660844169,0.461383967566,0.176005670355,347
0.164654957379,0.05076398932,0.0440620705831,0.0142402029985,0.726278779719,348
0.242282932994,0.00220093989815,0.0726699201826,0.510531378783,0.172314828142,349
0.37515891365,0.0024894762173,0.0443186795077,0.354666732741,0.223366197884,350
0.560727941465,0.00103769780825,0.00975139006443,0.141715087732,0.286767882931,351
0.00138888888889,0.00766346748734,0.0361086393984,0.00274101244967,0.952097991776,352
0.297956145541,0.00286147684028,0.0583785438234,0.434300940055,0.20650289374,353
0.957615669229,0.0011001855914,0.0019926415484,0.0146676958001,0.0246238078314,354
0.659180612644,0.00128295093337,0.0123473990358,0.175305674841,0.151883362546,355
0.028653052237,0.0380472418983,0.234773565355,0.00806417706615,0.690461963443,356
0.504701099124,0.00201539514716,0.0179925752076,0.0622069843165,0.413083946205,357
0.605296360659,0.00172606722537,0.0124561094971,0.0439826303705,0.336538832248,358
0.49493045742,0.0402983090222,0.0786818364028,0.0212204667019,0.364868930453,359
0.591681202448,0.00110389740305,0.0117358281253,0.0439904777852,0.351488594238,360
0.763899149857,0.00179986341263,0.00561229108425,0.0163203181139,0.212368377532,361
0.0672000276672,0.002070519651,0.157433374814,0.461287984976,0.312008092892,362
0.338186734329,0.00239870764444,0.0558041752432,0.463889330502,0.139721052282,363
0.728096624331,0.00200756466984,0.00851466586558,0.0174407276864,0.243940417447,364
0.423624005056,0.00616619068189,0.0352579181963,0.19845531775,0.336496568315,365
0.0119914751003,0.0107058904301,0.702010835007,0.00742423920167,0.267867560261,366
0.47087761608,0.00156710121317,0.0196877025199,0.0543062463258,0.453561333862,367
0.0124287480801,0.0124602981422,0.60318039073,0.0651640389166,0.306766524131,368
0.0125976459856,0.0133650781946,0.372291885278,0.0157947091948,0.585950681347,369
0.692200262976,0.00117898888647,0.0118025257356,0.054066234077,0.240751988325,370
0.427443524559,0.00229391131639,0.0401614032042,0.266664910256,0.263436250664,371
0.707609949679,0.00284572670371,0.0199816906439,0.0735542863251,0.196008346648,372
0.961046388038,0.00121535155105,0.00171907990959,0.0135416354668,0.022477545035,373
0.314965230579,0.0028391184188,0.0543855242945,0.487742887982,0.140067238726,374
0.0,0.0122316269102,0.15905026544,0.0144666908086,0.814251416841,375
0.312473812416,0.00199852511387,0.049968228063,0.419815612992,0.215743821415,376
0.445803271963,0.000956140030469,0.039692220645,0.24718836951,0.266359997851,377
0.661621903409,0.00140941071596,0.0129809847804,0.17212817825,0.151859522845,378
0.465848518801,0.000962224685897,0.031125651972,0.242181613977,0.259881990565,379
0.237465071062,0.0394675326007,0.0427111826072,0.0139382789127,0.666417934817,380
0.770955279388,0.00176058243505,0.00520531226621,0.0141006141657,0.207978211745,381
0.00417306498312,0.0308963049975,0.0945548308992,0.00616223622259,0.864213562898,382
0.00360898376385,0.0559922123588,0.0994139240938,0.0049506611641,0.83603421862,383
0.00566491136837,0.0123195047472,0.158786113341,0.00674228116823,0.816487189375,384
0.53717869348,0.00107667044007,0.0208307046694,0.342189954677,0.0987239767336,385
0.314945334523,0.00233490877855,0.0532901450285,0.490383392436,0.139046219234,386
0.000477932124431,0.0111457844439,0.0354035864336,0.00144586129902,0.951526835699,387
0.716410526771,0.00041657186329,0.00532246528765,0.168573765543,0.109276670535,388
0.806773062126,0.00213227556548,0.0020017556146,0.0158587604417,0.173234146252,389
0.774852154966,0.000623345725084,0.00603867570072,0.018820410554,0.199665413054,390
0.0805990953917,0.00250050612193,0.207043269416,0.473524538853,0.236332590218,391
0.00253333333333,0.00977320218854,0.0312284822383,0.00778940048248,0.948675581757,392
0.834557418958,0.000592883486305,0.00248202797483,0.012657787196,0.149709882385,393
0.0139715941054,0.0331727075191,0.124157785228,0.0211968751539,0.807501037993,394
0.379801024218,0.00115506059191,0.058264248244,0.320656500404,0.240123166543,395
0.230321136232,0.00274670633333,0.0676224287851,0.508714249473,0.190595479177,396
0.070511290384,0.0041842752815,0.111980072234,0.364599245679,0.448725116422,397
0.484922695499,0.0240154515792,0.0393275221728,0.0185838829696,0.43315044778,398
0.666979785951,0.000425012330932,0.0105447584037,0.214304250778,0.107746192537,399
0.811395013505,0.000508452475864,0.00356888260101,0.104220963927,0.0803066874909,400
0.944303989995,0.000697245122804,0.00611502712703,0.0142188078399,0.0346649299156,401
0.704144602221,0.000691796747501,0.00717672716284,0.175370372911,0.112616500957,402
0.495876689151,0.00112636628507,0.0297799400172,0.231181316419,0.242035688128,403
0.0030606643951,0.0396717265299,0.0978485805621,0.00232708382769,0.857091944685,404
0.385499084211,0.00698925629549,0.038718628897,0.0478291020697,0.520963928526,405
0.348367269096,0.00213309828886,0.0514981035166,0.464833867664,0.133167661435,406
0.706192045772,0.0066532707672,0.00719775095634,0.0388577459519,0.241099186553,407
0.24431054039,0.00170221616311,0.0933118241921,0.45684049056,0.203834928694,408
0.761228673116,0.000945456442428,0.00344074271581,0.0753059119035,0.159079215822,409
0.000204819277108,0.100842925067,0.0515056359969,0.00113180451873,0.84631481514,410
0.072807687048,0.00519236263299,0.0834300874731,0.462527639171,0.376042223675,411
0.74653689981,0.000687144332969,0.0082113290474,0.0180853770717,0.226479249738,412
0.413473798595,0.000961932245248,0.0320327849209,0.288720013824,0.264811470415,413
0.927139615933,0.00106634736213,0.00276363630931,0.0220146239354,0.0470157764606,414
0.300466204915,0.00383188062624,0.057412659506,0.435187023154,0.203102231799,415
0.964610996882,0.00101044277898,0.00171878254367,0.0124401126901,0.0202196651051,416
0.51713897126,0.000506529407995,0.0317561344733,0.349868718871,0.100729645987,417
0.391352733657,0.00131786513693,0.0394628448332,0.313247611515,0.254618944858,418
0.647138950928,0.00102258482468,0.0109869311033,0.0369906481001,0.303860885044,419
0.518256536363,0.00276263729247,0.0339958639483,0.080884786728,0.364100175668,420
0.743776262013,0.00048313386296,0.005718952138,0.0649247184462,0.18509693354,421
0.000581552853937,0.00731072547471,0.0240253110258,0.00145412329295,0.966628287353,422
0.000742314750481,0.00619672140938,0.0250036007942,0.00117624568686,0.966881117359,423
0.846136659293,0.00407279138139,0.00431656675964,0.0209425434779,0.124531439088,424
0.667284616497,0.00338760266963,0.0230661146735,0.0634399929905,0.24282167317,425
0.00343335865596,0.0297067004499,0.101630210928,0.0396688006035,0.825560929363,426
0.831620875336,0.00151864397508,0.0106906298466,0.0229829524201,0.133186898422,427
0.0102468452764,0.0200502541446,0.175365242772,0.00808773521802,0.786249922589,428
0.178134344271,0.00770678870429,0.0389810941927,0.17893253208,0.596245240752,429
0.000545911653268,0.0100098198024,0.0348597757164,0.00174269891837,0.95284179391,430
0.617835847594,0.00203150557959,0.0186802583154,0.0555303431799,0.305922045331,431
0.329470710858,0.00257126563996,0.0512105476061,0.413216104787,0.203531371109,432
0.702711020405,0.000737299692503,0.00889076210335,0.193120662858,0.0945402549409,433
0.297719381754,0.00182673226052,0.0547244370098,0.412393492511,0.233335956465,434
0.00119359386091,0.0145094495324,0.06630295023,0.00213426685687,0.91585973952,435
0.0163798358749,0.0145813314135,0.143893183243,0.0100415004324,0.815104149036,436
0.591975084872,0.00133326239618,0.0101845013646,0.0467223054292,0.349784845938,437
0.411707807529,0.0009583574319,0.0470513649471,0.301993406986,0.238289063106,438
0.0143561598977,0.0159127260945,0.211097381318,0.0164370061614,0.742196726529,439
0.699851148556,0.00586185042524,0.0065820290693,0.0535479748112,0.234156997138,440
0.136458268871,0.0124887550122,0.152981170782,0.14522316757,0.552848637765,441
0.518863156668,0.00170468075084,0.0242699381231,0.188064416497,0.267097807961,442
0.596836204438,0.00161566573725,0.0119918384125,0.0610170853673,0.328539206045,443
0.294376424996,0.00160678096659,0.050677295522,0.437467204705,0.21587229381,444
0.40123983125,0.0012674538583,0.0617734783394,0.310417497177,0.225301739376,445
0.606889119565,0.000495753171111,0.0204776232331,0.208332780223,0.163804723808,446
0.540079016518,0.0146459985718,0.0475016527505,0.194097739112,0.203675593048,447
0.267151954703,0.0344880796096,0.0753277165143,0.011062638655,0.611969610518,448
0.454189702862,0.0823089522433,0.0580174847533,0.0166185199684,0.388865340173,449
0.184531331498,0.00947046391949,0.0605112621586,0.14225536176,0.603231580664,450
0.000668688888943,0.0080439761449,0.0329216273541,0.00138062815222,0.95698507946,451
0.401975148554,0.0110602086878,0.0870760198214,0.207974860543,0.291913762394,452
0.519571549712,0.00126866698379,0.0194210549305,0.337971707865,0.121767020508,453
0.0176052926449,0.0159156129051,0.278301403508,0.0178517671846,0.670325923757,454
0.619047563264,0.000857260368558,0.017577862227,0.259728527485,0.102788786654,455
0.468661961595,0.00161289582608,0.03543745367,0.364295103629,0.12999258528,456
0.619921626261,0.000811210896607,0.00735895907332,0.0341564934813,0.337751710288,457
0.0502321201603,0.00190797309114,0.154675036263,0.369678949491,0.423505920995,458
0.841720231035,0.0018488803755,0.00840996963068,0.0729204124216,0.0751005065375,459
0.000204819277108,0.110187458109,0.0725675646425,0.00125590605059,0.81578425192,460
0.560796744594,0.000797103391699,0.0189432226093,0.24384430406,0.175618625345,461
0.355161183661,0.00206366188927,0.0402976400005,0.45795435803,0.144523156419,462
0.000567817642866,0.0179022533576,0.0378032358314,0.00199093788979,0.941735755278,463
0.0767953185363,0.00191011681054,0.156138558782,0.443928649408,0.321227356463,464
0.402439676281,0.00139630064811,0.0468502455101,0.308199060562,0.241114716999,465
0.486842844911,0.00115139027922,0.0294572669781,0.228472667121,0.25407583071,466
0.0177558118315,0.0163888285301,0.350777943787,0.0405184797896,0.574558936062,467
0.371241223821,0.00114475975807,0.0438642206701,0.241902958893,0.341846836858,468
0.600101645486,0.00125836489682,0.0291950946152,0.131505270144,0.237939624858,469
0.385698795147,0.0028547205558,0.0413117582197,0.0834669671618,0.486667758916,470
0.0143598915201,0.0145880065399,0.141467892665,0.0071818666398,0.822402342635,471
0.0120886786595,0.0188132713449,0.473279069322,0.0406425383756,0.455176442298,472
0.821452571443,0.000884161440902,0.00665956621796,0.018633007082,0.152370693816,473
0.3653542373,0.0023110479432,0.0508321485275,0.339465287915,0.242037278314,474
0.523118926143,0.00124931447282,0.0207603108576,0.314344612272,0.140526836255,475
0.787741016239,0.00158514990531,0.0177413877792,0.10747191863,0.0854605274467,476
0.0121465250785,0.0141407146161,0.285692045032,0.0128579541808,0.675162761093,477
0.536598235502,0.000745973232932,0.0262649014933,0.324572488111,0.111818401661,478
0.0229992043557,0.0214213956472,0.20302983102,0.0152047884463,0.737344780531,479
0.759945861918,0.00177272835113,0.00563033500185,0.0160758089681,0.216575265761,480
0.0600225479293,0.00268467558692,0.106450911745,0.565945584013,0.264896280726,481
0.0814542430717,0.00387981015496,0.0857306452846,0.289957105301,0.538978196188,482
0.275440300524,0.00191034837889,0.0664180940755,0.451902972013,0.204328285009,483
0.0220056772574,0.031859307251,0.132575092564,0.0315567040974,0.78200321883,484
0.490505011576,0.00304986404535,0.0582011710317,0.108858138732,0.339385814615,485
0.0509177505489,0.00477424530684,0.142819710623,0.473084554068,0.328403739454,486
