Adoption,Died,Euthanasia,Return_to_owner,Transfer,ID
0.0683333333333,0.00166666666667,0.055,0.586666666667,0.288333333333,1
0.723333333333,0.00166666666667,0.00333333333333,0.176666666667,0.095,2
0.36,0.005,0.015,0.173333333333,0.446666666667,3
0.168333333333,0.00666666666667,0.0333333333333,0.113333333333,0.678333333333,4
0.5,0.0,0.005,0.298888888889,0.196111111111,5
0.3,0.0,0.0233333333333,0.396666666667,0.28,6
0.178333333333,0.0,0.125,0.298333333333,0.398333333333,7
0.948333333333,0.0,0.00166666666667,0.03,0.02,8
0.81,0.0,0.00166666666667,0.0883333333333,0.1,9
0.563333333333,0.005,0.0383333333333,0.253333333333,0.14,10
0.59,0.0,0.0116666666667,0.185,0.213333333333,11
0.00666666666667,0.00166666666667,0.08,0.0916666666667,0.82,12
0.448888888889,0.0,0.0533333333333,0.166666666667,0.331111111111,13
0.248333333333,0.0166666666667,0.0233333333333,0.045,0.666666666667,14
0.846666666667,0.0,0.0,0.115,0.0383333333333,15
0.566666666667,0.0,0.00666666666667,0.105,0.321666666667,16
0.215,0.0,0.0583333333333,0.563333333333,0.163333333333,17
0.338333333333,0.00166666666667,0.03,0.305,0.325,18
0.313333333333,0.0,0.06,0.205,0.421666666667,19
0.00333333333333,0.0283333333333,0.438333333333,0.01,0.52,20
0.0866666666667,0.0,0.0433333333333,0.148333333333,0.721666666667,21
0.0,0.00333333333333,0.00666666666667,0.0,0.99,22
0.663333333333,0.0,0.0,0.256666666667,0.08,23
0.00333333333333,0.00666666666667,0.0316666666667,0.0,0.958333333333,24
0.798333333333,0.0,0.00166666666667,0.173333333333,0.0266666666667,25
0.113333333333,0.00666666666667,0.291666666667,0.0966666666667,0.491666666667,26
0.958333333333,0.0,0.00333333333333,0.0116666666667,0.0266666666667,27
0.04,0.0116666666667,0.0638888888889,0.118333333333,0.766111111111,28
0.395,0.0,0.07,0.318333333333,0.216666666667,29
0.265,0.0,0.0366666666667,0.469166666667,0.229166666667,30
0.266666666667,0.015,0.0166666666667,0.113333333333,0.588333333333,31
0.911666666667,0.0,0.0,0.0383333333333,0.05,32
0.296666666667,0.02,0.148333333333,0.121666666667,0.413333333333,33
0.95,0.0,0.0,0.03,0.02,34
0.502037037037,0.025,0.05,0.00166666666667,0.421296296296,35
0.546666666667,0.0,0.0483333333333,0.123333333333,0.281666666667,36
0.108333333333,0.0216666666667,0.0983333333333,0.045,0.726666666667,37
0.685,0.0,0.0,0.12,0.195,38
0.56,0.0,0.0183333333333,0.178333333333,0.243333333333,39
0.53,0.00166666666667,0.0666666666667,0.128333333333,0.273333333333,40
0.09,0.0,0.0433333333333,0.583333333333,0.283333333333,41
0.0,0.00166666666667,0.0133333333333,0.0,0.985,42
0.493333333333,0.0,0.0216666666667,0.0633333333333,0.421666666667,43
0.0,0.00666666666667,0.103333333333,0.00166666666667,0.888333333333,44
0.0933333333333,0.0366666666667,0.08,0.0283333333333,0.761666666667,45
0.483333333333,0.00166666666667,0.055,0.0433333333333,0.416666666667,46
0.32,0.01,0.0283333333333,0.218333333333,0.423333333333,47
0.353333333333,0.0,0.0416666666667,0.366666666667,0.238333333333,48
0.536666666667,0.0,0.00833333333333,0.398333333333,0.0566666666667,49
0.12,0.00833333333333,0.035,0.12,0.716666666667,50
0.265,0.251666666667,0.245,0.0183333333333,0.22,51
0.528333333333,0.0,0.0166666666667,0.378333333333,0.0766666666667,52
0.978333333333,0.0,0.0,0.015,0.00666666666667,53
0.153333333333,0.146666666667,0.101666666667,0.0,0.598333333333,54
0.0366666666667,0.00166666666667,0.356666666667,0.0166666666667,0.588333333333,55
0.271666666667,0.0,0.0683333333333,0.123333333333,0.536666666667,56
0.5575,0.0,0.035,0.254166666667,0.153333333333,57
0.0,0.083869047619,0.00666666666667,0.00166666666667,0.907797619048,58
0.0166666666667,0.0166666666667,0.39,0.05,0.526666666667,59
0.643333333333,0.00166666666667,0.00666666666667,0.0583333333333,0.29,60
0.306666666667,0.01,0.025,0.0333333333333,0.625,61
0.28,0.0,0.095,0.513333333333,0.111666666667,62
0.25,0.01,0.0166666666667,0.136666666667,0.586666666667,63
0.0,0.07,0.0283333333333,0.00166666666667,0.9,64
0.0233333333333,0.0283333333333,0.0933333333333,0.00666666666667,0.848333333333,65
0.928333333333,0.0,0.0,0.0516666666667,0.02,66
0.898333333333,0.0,0.00333333333333,0.00166666666667,0.0966666666667,67
0.213333333333,0.00166666666667,0.17,0.415,0.2,68
0.265,0.00166666666667,0.118333333333,0.471666666667,0.143333333333,69
0.035,0.005,0.233333333333,0.0266666666667,0.7,70
0.0333333333333,0.01,0.0722222222222,0.151666666667,0.732777777778,71
0.923333333333,0.0,0.0,0.02,0.0566666666667,72
0.0,0.005,0.0233333333333,0.0,0.971666666667,73
0.251666666667,0.0,0.075,0.26,0.413333333333,74
0.0,0.0116666666667,0.05,0.005,0.933333333333,75
0.543333333333,0.0666666666667,0.0433333333333,0.00666666666667,0.34,76
0.911666666667,0.0,0.005,0.05,0.0333333333333,77
0.258333333333,0.015,0.328333333333,0.0383333333333,0.36,78
0.598333333333,0.0,0.05,0.226666666667,0.125,79
0.961666666667,0.0133333333333,0.00166666666667,0.015,0.00833333333333,80
0.0,0.00166666666667,0.015,0.0,0.983333333333,81
0.0,0.04,0.0183333333333,0.0,0.941666666667,82
0.596666666667,0.0,0.0,0.318333333333,0.085,83
0.0,0.0333333333333,0.155,0.0,0.811666666667,84
0.36,0.0,0.0666666666667,0.42,0.153333333333,85
0.07,0.0366666666667,0.216666666667,0.0116666666667,0.665,86
0.04,0.0,0.275,0.181666666667,0.503333333333,87
0.441666666667,0.0,0.0583333333333,0.143333333333,0.356666666667,88
0.015,0.005,0.228333333333,0.00833333333333,0.743333333333,89
0.746932539683,0.0,0.00166666666667,0.025,0.226400793651,90
0.03,0.00666666666667,0.616666666667,0.02,0.326666666667,91
0.0116666666667,0.00833333333333,0.376666666667,0.00833333333333,0.595,92
0.723333333333,0.0,0.0,0.005,0.271666666667,93
0.575,0.0,0.01,0.378333333333,0.0366666666667,94
0.158333333333,0.015,0.203333333333,0.108333333333,0.515,95
0.473333333333,0.0,0.00166666666667,0.338333333333,0.186666666667,96
0.633333333333,0.0,0.00333333333333,0.225,0.138333333333,97
0.00666666666667,0.005,0.0,0.0,0.988333333333,98
0.166666666667,0.0816666666667,0.2,0.005,0.546666666667,99
0.195,0.0,0.0416666666667,0.428333333333,0.335,100
0.94,0.0,0.0,0.00666666666667,0.0533333333333,101
0.703333333333,0.0183333333333,0.01,0.171666666667,0.0966666666667,102
0.378333333333,0.0,0.095,0.333333333333,0.193333333333,103
0.336666666667,0.0,0.0116666666667,0.315,0.336666666667,104
0.218333333333,0.0,0.01,0.14,0.631666666667,105
0.736666666667,0.0,0.00166666666667,0.171666666667,0.09,106
0.318333333333,0.0,0.025,0.528333333333,0.128333333333,107
0.0483333333333,0.0,0.131666666667,0.491666666667,0.328333333333,108
0.94,0.0,0.00166666666667,0.035,0.0233333333333,109
0.298333333333,0.0,0.0683333333333,0.303333333333,0.33,110
0.515,0.0,0.00166666666667,0.438333333333,0.045,111
0.598333333333,0.0,0.0116666666667,0.248333333333,0.141666666667,112
0.456666666667,0.0,0.02,0.393333333333,0.13,113
0.245,0.0,0.0133333333333,0.546666666667,0.195,114
0.00666666666667,0.0233333333333,0.416666666667,0.025,0.528333333333,115
0.843333333333,0.00166666666667,0.0,0.055,0.1,116
0.721666666667,0.01,0.00166666666667,0.121666666667,0.145,117
0.0283333333333,0.00166666666667,0.13,0.54,0.3,118
0.175,0.00333333333333,0.12,0.523333333333,0.178333333333,119
0.0916666666667,0.19,0.178333333333,0.0316666666667,0.508333333333,120
0.98,0.0,0.00166666666667,0.0,0.0183333333333,121
0.871666666667,0.0,0.005,0.0216666666667,0.101666666667,122
0.824166666667,0.0,0.00666666666667,0.04,0.129166666667,123
0.0,0.177103174603,0.09,0.0,0.732896825397,124
0.00333333333333,0.00166666666667,0.035,0.00833333333333,0.951666666667,125
0.923333333333,0.0,0.0,0.06,0.0166666666667,126
0.288333333333,0.005,0.283333333333,0.015,0.408333333333,127
0.722416666667,0.0,0.0,0.0283333333333,0.24925,128
0.995,0.0,0.0,0.00333333333333,0.00166666666667,129
0.898194444444,0.0,0.0,0.0118055555556,0.09,130
0.52,0.0,0.035,0.376666666667,0.0683333333333,131
0.99,0.0,0.0,0.0,0.01,132
0.888333333333,0.0,0.00333333333333,0.005,0.103333333333,133
0.245,0.0,0.0416666666667,0.586666666667,0.126666666667,134
0.823333333333,0.00166666666667,0.0366666666667,0.11,0.0283333333333,135
0.206666666667,0.0,0.111666666667,0.333333333333,0.348333333333,136
0.565,0.0,0.133333333333,0.143333333333,0.158333333333,137
0.0,0.0283333333333,0.095,0.005,0.871666666667,138
0.231666666667,0.0,0.0183333333333,0.626666666667,0.123333333333,139
0.73,0.0,0.00166666666667,0.178333333333,0.09,140
0.708055555556,0.0,0.0,0.136666666667,0.155277777778,141
0.551666666667,0.0983333333333,0.085,0.00333333333333,0.261666666667,142
0.291666666667,0.00333333333333,0.0416666666667,0.296666666667,0.366666666667,143
0.211666666667,0.0,0.0616666666667,0.39,0.336666666667,144
0.646666666667,0.0,0.025,0.291666666667,0.0366666666667,145
0.273333333333,0.0,0.0883333333333,0.591666666667,0.0466666666667,146
0.706666666667,0.00166666666667,0.0516666666667,0.171666666667,0.0683333333333,147
0.218333333333,0.0,0.0883333333333,0.481666666667,0.211666666667,148
0.0166666666667,0.005,0.308333333333,0.0516666666667,0.618333333333,149
0.331666666667,0.04,0.121666666667,0.00833333333333,0.498333333333,150
0.15,0.02,0.268333333333,0.105,0.456666666667,151
0.015,0.00333333333333,0.208333333333,0.00333333333333,0.77,152
0.45,0.0,0.005,0.0983333333333,0.446666666667,153
0.03,0.00666666666667,0.0566666666667,0.451666666667,0.455,154
0.48,0.0,0.00333333333333,0.01,0.506666666667,155
0.721666666667,0.0,0.00833333333333,0.0783333333333,0.191666666667,156
0.491666666667,0.0,0.045,0.35,0.113333333333,157
0.00166666666667,0.0216666666667,0.0683333333333,0.0,0.908333333333,158
0.36,0.00166666666667,0.075,0.253333333333,0.31,159
0.328333333333,0.0,0.106666666667,0.448333333333,0.116666666667,160
0.551666666667,0.0,0.0116666666667,0.0716666666667,0.365,161
0.473333333333,0.0,0.045,0.236666666667,0.245,162
0.0,0.01,0.00333333333333,0.00166666666667,0.985,163
0.998333333333,0.0,0.0,0.0,0.00166666666667,164
0.403333333333,0.0,0.0216666666667,0.353333333333,0.221666666667,165
0.931666666667,0.00166666666667,0.00166666666667,0.00333333333333,0.0616666666667,166
0.738333333333,0.0,0.00166666666667,0.21,0.05,167
0.534398148148,0.0,0.00333333333333,0.418935185185,0.0433333333333,168
0.36,0.0,0.00666666666667,0.55,0.0833333333333,169
0.555,0.0,0.0,0.03,0.415,170
0.00333333333333,0.00333333333333,0.288333333333,0.0183333333333,0.686666666667,171
0.431666666667,0.0,0.00333333333333,0.171666666667,0.393333333333,172
0.443333333333,0.0,0.0633333333333,0.3785,0.114833333333,173
0.341666666667,0.005,0.0716666666667,0.415,0.166666666667,174
0.401666666667,0.0366666666667,0.0183333333333,0.295,0.248333333333,175
0.485,0.116666666667,0.243333333333,0.00333333333333,0.151666666667,176
0.418333333333,0.00166666666667,0.04,0.386666666667,0.153333333333,177
0.228333333333,0.00166666666667,0.0783333333333,0.06,0.631666666667,178
0.476666666667,0.005,0.075,0.106666666667,0.336666666667,179
0.01,0.00166666666667,0.248333333333,0.0216666666667,0.718333333333,180
0.0,0.0166666666667,0.0855555555556,0.0,0.897777777778,181
0.428333333333,0.0716666666667,0.18,0.00333333333333,0.316666666667,182
0.506666666667,0.0,0.00333333333333,0.231666666667,0.258333333333,183
0.146666666667,0.0,0.0616666666667,0.2,0.591666666667,184
0.508333333333,0.0,0.0,0.333333333333,0.158333333333,185
0.263333333333,0.0,0.015,0.421666666667,0.3,186
0.0,0.00166666666667,0.04,0.0,0.958333333333,187
0.3,0.0,0.0333333333333,0.505,0.161666666667,188
0.723333333333,0.0,0.00333333333333,0.0583333333333,0.215,189
0.928333333333,0.0,0.0,0.0166666666667,0.055,190
0.295,0.0183333333333,0.0516666666667,0.446666666667,0.188333333333,191
0.626666666667,0.0,0.0383333333333,0.281666666667,0.0533333333333,192
0.101666666667,0.0,0.0333333333333,0.165,0.7,193
0.326666666667,0.00166666666667,0.025,0.0316666666667,0.615,194
0.688333333333,0.0,0.00166666666667,0.0783333333333,0.231666666667,195
0.671666666667,0.0,0.0,0.0416666666667,0.286666666667,196
0.453333333333,0.0,0.0233333333333,0.185,0.338333333333,197
0.638333333333,0.0,0.00666666666667,0.101666666667,0.253333333333,198
0.393333333333,0.0,0.0433333333333,0.448333333333,0.115,199
0.788333333333,0.0,0.00833333333333,0.105,0.0983333333333,200
0.0,0.00333333333333,0.0233333333333,0.0,0.973333333333,201
0.381666666667,0.00166666666667,0.116666666667,0.176666666667,0.323333333333,202
0.615,0.0,0.0183333333333,0.247222222222,0.119444444444,203
0.87,0.0,0.00833333333333,0.0183333333333,0.103333333333,204
0.05,0.0,0.0866666666667,0.37,0.493333333333,205
0.64,0.00833333333333,0.0333333333333,0.171666666667,0.146666666667,206
0.0583333333333,0.0,0.0266666666667,0.271666666667,0.643333333333,207
0.0616666666667,0.00166666666667,0.115,0.371666666667,0.45,208
0.42,0.0,0.00666666666667,0.188333333333,0.385,209
0.133333333333,0.0,0.0483333333333,0.665,0.153333333333,210
0.0116666666667,0.015,0.383333333333,0.0166666666667,0.573333333333,211
0.178333333333,0.0,0.118333333333,0.571666666667,0.131666666667,212
0.561666666667,0.0,0.0666666666667,0.326666666667,0.045,213
0.458333333333,0.00333333333333,0.00833333333333,0.0933333333333,0.436666666667,214
0.0,0.00166666666667,0.0166666666667,0.0,0.981666666667,215
0.273333333333,0.00166666666667,0.0183333333333,0.281666666667,0.425,216
0.976666666667,0.0,0.00166666666667,0.00333333333333,0.0183333333333,217
0.271666666667,0.0,0.0316666666667,0.05,0.646666666667,218
0.328333333333,0.0,0.04,0.233333333333,0.398333333333,219
0.283333333333,0.0,0.0783333333333,0.463333333333,0.175,220
0.171666666667,0.00333333333333,0.10125,0.210416666667,0.513333333333,221
0.0383333333333,0.0833333333333,0.243333333333,0.00333333333333,0.631666666667,222
0.278333333333,0.085,0.0966666666667,0.00833333333333,0.531666666667,223
0.646666666667,0.0,0.0133333333333,0.15,0.19,224
0.0983333333333,0.0,0.165,0.566666666667,0.17,225
0.535,0.00166666666667,0.0583333333333,0.363333333333,0.0416666666667,226
0.0216666666667,0.00333333333333,0.191666666667,0.00166666666667,0.781666666667,227
0.0,0.0,0.00333333333333,0.0,0.996666666667,228
0.648333333333,0.0,0.055,0.0883333333333,0.208333333333,229
0.0683333333333,0.0983333333333,0.278333333333,0.02,0.535,230
0.995,0.0,0.0,0.0,0.005,231
0.7825,0.0,0.0,0.0266666666667,0.190833333333,232
0.0116666666667,0.02,0.0716666666667,0.0,0.896666666667,233
0.0283333333333,0.0,0.178333333333,0.405,0.388333333333,234
0.36,0.00166666666667,0.0333333333333,0.538333333333,0.0666666666667,235
0.983333333333,0.0,0.0,0.005,0.0116666666667,236
0.76,0.0,0.00333333333333,0.12,0.116666666667,237
0.0316666666667,0.0383333333333,0.211666666667,0.12,0.598333333333,238
0.605,0.00333333333333,0.005,0.225,0.161666666667,239
0.863333333333,0.00166666666667,0.01,0.0183333333333,0.106666666667,240
0.85,0.0,0.00333333333333,0.0166666666667,0.13,241
0.325,0.00666666666667,0.0333333333333,0.458333333333,0.176666666667,242
0.771666666667,0.01,0.045,0.00333333333333,0.17,243
0.493333333333,0.0,0.0116666666667,0.343333333333,0.151666666667,244
0.171944444444,0.0,0.015,0.153333333333,0.659722222222,245
0.313333333333,0.00333333333333,0.0633333333333,0.491666666667,0.128333333333,246
0.445,0.0,0.00166666666667,0.17,0.383333333333,247
0.468333333333,0.0,0.0116666666667,0.23,0.29,248
0.233333333333,0.00333333333333,0.0866666666667,0.406666666667,0.27,249
0.824583333333,0.0183333333333,0.00166666666667,0.0266666666667,0.12875,250
0.00666666666667,0.025,0.0583333333333,0.47,0.44,251
0.453333333333,0.0,0.0366666666667,0.305,0.205,252
0.0,0.00166666666667,0.0683333333333,0.0,0.93,253
0.141666666667,0.0,0.025,0.67,0.163333333333,254
0.00666666666667,0.02,0.025,0.0,0.948333333333,255
0.469194444444,0.0,0.02,0.201666666667,0.309138888889,256
0.231666666667,0.0,0.0616666666667,0.14,0.566666666667,257
0.583333333333,0.0,0.0116666666667,0.01,0.395,258
0.295,0.0,0.0483333333333,0.431666666667,0.225,259
0.935,0.00166666666667,0.00166666666667,0.0316666666667,0.03,260
0.766666666667,0.0,0.0,0.0466666666667,0.186666666667,261
0.7,0.0,0.00166666666667,0.233333333333,0.065,262
0.815,0.0,0.00166666666667,0.146666666667,0.0366666666667,263
0.388333333333,0.00166666666667,0.0816666666667,0.301666666667,0.226666666667,264
0.25,0.0,0.025,0.441666666667,0.283333333333,265
0.67,0.0,0.005,0.125,0.2,266
0.0116666666667,0.005,0.065,0.0366666666667,0.881666666667,267
0.0233333333333,0.00833333333333,0.453333333333,0.01,0.505,268
0.00166666666667,0.00166666666667,0.31,0.005,0.681666666667,269
0.866666666667,0.0,0.035,0.06,0.0383333333333,270
0.0116666666667,0.04,0.126666666667,0.00333333333333,0.818333333333,271
0.225,0.03,0.263333333333,0.0133333333333,0.468333333333,272
0.055,0.065,0.106666666667,0.578333333333,0.195,273
0.268333333333,0.0316666666667,0.125,0.105,0.47,274
0.311666666667,0.0666666666667,0.176666666667,0.0533333333333,0.391666666667,275
0.0133333333333,0.03,0.223333333333,0.00333333333333,0.73,276
0.0,0.0783333333333,0.0233333333333,0.0,0.898333333333,277
0.136666666667,0.0616666666667,0.0866666666667,0.116666666667,0.598333333333,278
0.745,0.005,0.015,0.118333333333,0.116666666667,279
0.0566666666667,0.04,0.161666666667,0.0683333333333,0.673333333333,280
0.305,0.0,0.23,0.256666666667,0.208333333333,281
0.196666666667,0.0,0.08,0.478333333333,0.245,282
0.005,0.0216666666667,0.025,0.0233333333333,0.925,283
0.890484968735,0.0,0.0,0.025,0.084515031265,284
0.233333333333,0.0,0.228333333333,0.406666666667,0.131666666667,285
0.278333333333,0.00166666666667,0.0316666666667,0.558333333333,0.13,286
0.02,0.0166666666667,0.306666666667,0.015,0.641666666667,287
0.0,0.07,0.0366666666667,0.0,0.893333333333,288
0.306666666667,0.00333333333333,0.025,0.136666666667,0.528333333333,289
0.295,0.00166666666667,0.0783333333333,0.423333333333,0.201666666667,290
0.635,0.00166666666667,0.035,0.04,0.288333333333,291
0.986666666667,0.0,0.0,0.00666666666667,0.00666666666667,292
0.885,0.00166666666667,0.0166666666667,0.0116666666667,0.085,293
0.0366666666667,0.01,0.136666666667,0.121666666667,0.695,294
0.263333333333,0.00333333333333,0.055,0.586666666667,0.0916666666667,295
0.0266666666667,0.02,0.0568333333333,0.0516666666667,0.844833333333,296
0.213333333333,0.0,0.0983333333333,0.405,0.283333333333,297
0.0233333333333,0.0216666666667,0.302301587302,0.145,0.507698412698,298
0.584416666667,0.0,0.00166666666667,0.150583333333,0.263333333333,299
0.233333333333,0.00166666666667,0.0333333333333,0.245,0.486666666667,300
0.42,0.00666666666667,0.0116666666667,0.49,0.0716666666667,301
0.953333333333,0.0,0.0,0.00333333333333,0.0433333333333,302
0.986666666667,0.0,0.00166666666667,0.00833333333333,0.00333333333333,303
0.433333333333,0.00333333333333,0.0316666666667,0.32,0.211666666667,304
0.00333333333333,0.0,0.321666666667,0.0383333333333,0.636666666667,305
0.285,0.00333333333333,0.115,0.501666666667,0.095,306
0.836666666667,0.0,0.00666666666667,0.0216666666667,0.135,307
0.541666666667,0.0,0.005,0.321666666667,0.131666666667,308
0.596111111111,0.0,0.00333333333333,0.285,0.115555555556,309
0.128333333333,0.123333333333,0.0566666666667,0.0,0.691666666667,310
0.293333333333,0.0,0.00333333333333,0.531666666667,0.171666666667,311
0.991666666667,0.0,0.0,0.005,0.00333333333333,312
0.0333333333333,0.00166666666667,0.231666666667,0.00333333333333,0.73,313
0.43,0.0,0.0566666666667,0.288333333333,0.225,314
0.00333333333333,0.00666666666667,0.00166666666667,0.00166666666667,0.986666666667,315
0.305,0.0,0.0216666666667,0.458333333333,0.215,316
0.281666666667,0.00166666666667,0.0416666666667,0.251666666667,0.423333333333,317
0.523333333333,0.015,0.005,0.0233333333333,0.433333333333,318
0.0,0.01,0.06,0.00333333333333,0.926666666667,319
0.418333333333,0.0,0.00666666666667,0.501666666667,0.0733333333333,320
0.341666666667,0.00833333333333,0.0383333333333,0.306666666667,0.305,321
0.0,0.126666666667,0.0434722222222,0.0,0.829861111111,322
0.00166666666667,0.0224166666667,0.155861111111,0.00666666666667,0.813388888889,323
0.95,0.00166666666667,0.005,0.0133333333333,0.03,324
0.97,0.0,0.0,0.005,0.025,325
0.68,0.0,0.0,0.00333333333333,0.316666666667,326
0.95,0.0,0.0,0.035,0.015,327
0.246666666667,0.00333333333333,0.025,0.615,0.11,328
0.853333333333,0.0,0.00666666666667,0.0883333333333,0.0516666666667,329
0.0833333333333,0.015,0.0716666666667,0.321666666667,0.508333333333,330
0.43,0.0,0.13,0.34,0.1,331
0.0216666666667,0.00333333333333,0.273333333333,0.00166666666667,0.7,332
0.878333333333,0.0133333333333,0.00666666666667,0.0116666666667,0.09,333
0.536666666667,0.0,0.00333333333333,0.0233333333333,0.436666666667,334
0.0116666666667,0.045,0.265,0.0333333333333,0.645,335
0.981666666667,0.0,0.0,0.005,0.0133333333333,336
0.01,0.00833333333333,0.728333333333,0.015,0.238333333333,337
0.225,0.0716666666667,0.05,0.143333333333,0.51,338
0.0133333333333,0.0233333333333,0.19,0.116666666667,0.656666666667,339
0.223333333333,0.0,0.121666666667,0.388333333333,0.266666666667,340
0.196666666667,0.00666666666667,0.0983333333333,0.108333333333,0.59,341
0.554611111111,0.005,0.0216666666667,0.005,0.413722222222,342
0.00333333333333,0.00666666666667,0.666666666667,0.0933333333333,0.23,343
0.556666666667,0.0133333333333,0.0,0.0766666666667,0.353333333333,344
0.642777777778,0.0,0.0533333333333,0.0788888888889,0.225,345
0.266666666667,0.025,0.035,0.521666666667,0.151666666667,346
0.35,0.0,0.02,0.426666666667,0.203333333333,347
0.085,0.153333333333,0.0583333333333,0.0116666666667,0.691666666667,348
0.193333333333,0.0,0.0833333333333,0.593333333333,0.13,349
0.443333333333,0.0,0.0433333333333,0.385,0.128333333333,350
0.46,0.00166666666667,0.00166666666667,0.148333333333,0.388333333333,351
0.00333333333333,0.0,0.0166666666667,0.0,0.98,352
0.32,0.00333333333333,0.085,0.45,0.141666666667,353
0.996666666667,0.0,0.0,0.00333333333333,0.0,354
0.673333333333,0.0,0.00666666666667,0.173333333333,0.146666666667,355
0.01,0.015,0.168333333333,0.00166666666667,0.805,356
0.568333333333,0.00333333333333,0.00666666666667,0.0316666666667,0.39,357
0.591666666667,0.0,0.00166666666667,0.0233333333333,0.383333333333,358
0.645,0.0433333333333,0.0816666666667,0.005,0.225,359
0.59,0.0,0.01,0.0216666666667,0.378333333333,360
0.938333333333,0.00166666666667,0.00333333333333,0.00166666666667,0.055,361
0.0533333333333,0.00166666666667,0.166666666667,0.471666666667,0.306666666667,362
0.32,0.0,0.0666666666667,0.53,0.0833333333333,363
0.682896825397,0.00666666666667,0.005,0.0216666666667,0.28376984127,364
0.343333333333,0.00166666666667,0.0116666666667,0.191666666667,0.451666666667,365
0.055,0.00166666666667,0.725,0.00333333333333,0.215,366
0.323333333333,0.0,0.015,0.0233333333333,0.638333333333,367
0.00833333333333,0.00833333333333,0.668333333333,0.0466666666667,0.268333333333,368
0.00666666666667,0.0166666666667,0.571666666667,0.02,0.385,369
0.741666666667,0.00166666666667,0.00333333333333,0.0433333333333,0.21,370
0.58,0.0,0.0316666666667,0.27,0.118333333333,371
0.785,0.0,0.0133333333333,0.0566666666667,0.145,372
0.986666666667,0.0,0.0,0.0133333333333,0.0,373
0.183333333333,0.0133333333333,0.0666666666667,0.578333333333,0.158333333333,374
0.0,0.00333333333333,0.166666666667,0.00833333333333,0.821666666667,375
0.365,0.0,0.0116666666667,0.466666666667,0.156666666667,376
0.301666666667,0.0,0.143333333333,0.208333333333,0.346666666667,377
0.625833333333,0.0,0.00333333333333,0.159166666667,0.211666666667,378
0.348861111111,0.0,0.075,0.191666666667,0.384472222222,379
0.138333333333,0.151666666667,0.0366666666667,0.00333333333333,0.67,380
0.685,0.0,0.00833333333333,0.0766666666667,0.23,381
0.00833333333333,0.045,0.138333333333,0.0,0.808333333333,382
0.0,0.133333333333,0.0658333333333,0.0,0.800833333333,383
0.0,0.02,0.11,0.0,0.87,384
0.58,0.0483333333333,0.00666666666667,0.301666666667,0.0633333333333,385
0.213333333333,0.0,0.0283333333333,0.678333333333,0.08,386
0.0,0.00833333333333,0.0486904761905,0.0,0.942976190476,387
0.693333333333,0.0,0.0,0.226666666667,0.08,388
0.861222222222,0.0,0.0,0.00333333333333,0.135444444444,389
0.811833333333,0.0,0.0433333333333,0.00166666666667,0.143166666667,390
0.065,0.0,0.201666666667,0.478333333333,0.255,391
0.005,0.0133333333333,0.0233333333333,0.00666666666667,0.951666666667,392
0.85,0.0,0.0,0.00833333333333,0.141666666667,393
0.00166666666667,0.0366666666667,0.254583333333,0.0233333333333,0.68375,394
0.334166666667,0.00166666666667,0.118333333333,0.3975,0.148333333333,395
0.236666666667,0.0,0.03,0.551666666667,0.181666666667,396
0.045,0.0,0.171666666667,0.175,0.608333333333,397
0.498333333333,0.0316666666667,0.035,0.03,0.405,398
0.468333333333,0.0,0.00166666666667,0.490833333333,0.0391666666667,399
0.881666666667,0.0,0.00166666666667,0.0733333333333,0.0433333333333,400
0.99,0.0,0.00166666666667,0.00333333333333,0.005,401
0.711666666667,0.0,0.00333333333333,0.201666666667,0.0833333333333,402
0.72,0.00333333333333,0.0133333333333,0.055,0.208333333333,403
0.00166666666667,0.045,0.085,0.00166666666667,0.866666666667,404
0.195,0.02,0.015,0.113333333333,0.656666666667,405
0.238333333333,0.00166666666667,0.0166666666667,0.716666666667,0.0266666666667,406
0.7825,0.0133333333333,0.00333333333333,0.0233333333333,0.1775,407
0.133333333333,0.0,0.258333333333,0.376666666667,0.231666666667,408
0.855833333333,0.0,0.00166666666667,0.0316666666667,0.110833333333,409
0.0,0.243333333333,0.0766666666667,0.0,0.68,410
0.0883333333333,0.00333333333333,0.0583333333333,0.631666666667,0.218333333333,411
0.533333333333,0.0,0.00166666666667,0.0,0.465,412
0.39,0.0,0.05,0.371666666667,0.188333333333,413
0.981666666667,0.0,0.00166666666667,0.01,0.00666666666667,414
0.188333333333,0.00666666666667,0.03,0.353333333333,0.421666666667,415
1.0,0.0,0.0,0.0,0.0,416
0.398333333333,0.0,0.0366666666667,0.321666666667,0.243333333333,417
0.331666666667,0.0,0.02,0.0983333333333,0.55,418
0.431666666667,0.0,0.0283333333333,0.01,0.53,419
0.641666666667,0.00166666666667,0.015,0.0683333333333,0.273333333333,420
0.808333333333,0.0,0.00166666666667,0.0216666666667,0.168333333333,421
0.00333333333333,0.00166666666667,0.0183333333333,0.00166666666667,0.975,422
0.00166666666667,0.01,0.01,0.005,0.973333333333,423
0.953333333333,0.00333333333333,0.005,0.00166666666667,0.0366666666667,424
0.788333333333,0.0,0.005,0.015,0.191666666667,425
0.00166666666667,0.0166666666667,0.165,0.0916666666667,0.725,426
0.548333333333,0.00166666666667,0.0216666666667,0.31,0.118333333333,427
0.0,0.0133333333333,0.136666666667,0.0,0.85,428
0.108333333333,0.0,0.0133333333333,0.193333333333,0.685,429
0.0,0.015,0.0133333333333,0.0,0.971666666667,430
0.626666666667,0.0,0.00333333333333,0.131666666667,0.238333333333,431
0.371666666667,0.0,0.04,0.388333333333,0.2,432
0.695,0.0,0.00333333333333,0.273333333333,0.0283333333333,433
0.306666666667,0.0,0.015,0.448333333333,0.23,434
0.00166666666667,0.005,0.0416666666667,0.0,0.951666666667,435
0.00833333333333,0.01,0.208333333333,0.0116666666667,0.761666666667,436
0.268333333333,0.0,0.005,0.01,0.716666666667,437
0.381666666667,0.0,0.01,0.385,0.223333333333,438
0.0116666666667,0.00833333333333,0.318333333333,0.05,0.611666666667,439
0.747083333333,0.025,0.005,0.0616666666667,0.16125,440
0.123333333333,0.0116666666667,0.120833333333,0.1925,0.551666666667,441
0.43,0.0,0.0466666666667,0.176666666667,0.346666666667,442
0.738518518519,0.0,0.00333333333333,0.06,0.198148148148,443
0.27,0.0,0.07,0.451666666667,0.208333333333,444
0.56,0.0,0.0466666666667,0.195,0.198333333333,445
0.743333333333,0.0,0.00833333333333,0.176666666667,0.0716666666667,446
0.405,0.015,0.0216666666667,0.268333333333,0.29,447
0.195,0.005,0.0666666666667,0.005,0.728333333333,448
0.506666666667,0.136666666667,0.0733333333333,0.0183333333333,0.265,449
0.621666666667,0.0,0.0633333333333,0.0716666666667,0.243333333333,450
0.0,0.005,0.0166666666667,0.0,0.978333333333,451
0.446666666667,0.0,0.111666666667,0.19,0.251666666667,452
0.633888888889,0.0,0.00333333333333,0.326111111111,0.0366666666667,453
0.0183333333333,0.01,0.475,0.0116666666667,0.485,454
0.693333333333,0.0,0.00833333333333,0.245,0.0533333333333,455
0.668333333333,0.0,0.0166666666667,0.248333333333,0.0666666666667,456
0.594398148148,0.00166666666667,0.00333333333333,0.015,0.385601851852,457
0.0283333333333,0.00166666666667,0.296666666667,0.305,0.368333333333,458
0.828333333333,0.0,0.00166666666667,0.113333333333,0.0566666666667,459
0.0,0.308333333333,0.06,0.0,0.631666666667,460
0.523333333333,0.0,0.00166666666667,0.373333333333,0.101666666667,461
0.29,0.0,0.01,0.606666666667,0.0933333333333,462
0.00166666666667,0.035,0.0333333333333,0.0,0.93,463
0.0316666666667,0.0,0.147222222222,0.541111111111,0.28,464
0.386666666667,0.0,0.126666666667,0.438333333333,0.0483333333333,465
0.625,0.0,0.025,0.085,0.265,466
0.02,0.0,0.483333333333,0.0166666666667,0.48,467
0.463333333333,0.0,0.0216666666667,0.26,0.255,468
0.593333333333,0.0,0.0116666666667,0.07375,0.32125,469
0.361666666667,0.0,0.0183333333333,0.115,0.505,470
0.00166666666667,0.0133333333333,0.121666666667,0.0,0.863333333333,471
0.005,0.0183333333333,0.478333333333,0.025,0.473333333333,472
0.918333333333,0.0,0.00333333333333,0.005,0.0733333333333,473
0.423333333333,0.00166666666667,0.106666666667,0.221666666667,0.246666666667,474
0.55,0.0,0.005,0.34,0.105,475
0.801666666667,0.0,0.00666666666667,0.155,0.0366666666667,476
0.00166666666667,0.0116666666667,0.353333333333,0.0116666666667,0.621666666667,477
0.523333333333,0.0,0.0283333333333,0.336666666667,0.111666666667,478
0.0233333333333,0.0283333333333,0.325,0.0133333333333,0.61,479
0.867333333333,0.00333333333333,0.00333333333333,0.0,0.126,480
0.0566666666667,0.0,0.047,0.464666666667,0.431666666667,481
0.0833333333333,0.0,0.115,0.286666666667,0.515,482
0.133333333333,0.0,0.0516666666667,0.476666666667,0.338333333333,483
0.0466666666667,0.0533333333333,0.173333333333,0.04,0.686666666667,484
0.461666666667,0.00166666666667,0.121666666667,0.105,0.31,485
0.05,0.00166666666667,0.175,0.455,0.318333333333,486
0.858333333333,0.0,0.0,0.0833333333333,0.0583333333333,487
0.596666666667,0.0,0.0,0.291666666667,0.111666666667,488
0.293333333333,0.0483333333333,0.116666666667,0.0,0.541666666667,489
0.0,0.00166666666667,0.0759166666667,0.0,0.922416666667,490
0.00833333333333,0.0166666666667,0.33,0.005,0.64,491
0.0283333333333,0.0,0.0283333333333,0.271666666667,0.671666666667,492
0.153333333333,0.0,0.0666666666667,0.735,0.045,493
0.418333333333,0.00166666666667,0.00833333333333,0.496666666667,0.075,494
0.103333333333,0.00166666666667,0.02,0.0733333333333,0.801666666667,495
0.578333333333,0.0,0.04,0.0533333333333,0.328333333333,496
0.64,0.0,0.045,0.133333333333,0.181666666667,497
0.415,0.0,0.0366666666667,0.308333333333,0.24,498
0.698333333333,0.0,0.0183333333333,0.07,0.213333333333,499
0.355,0.0,0.191666666667,0.386666666667,0.0666666666667,500
0.903333333333,0.0,0.00166666666667,0.0,0.095,501
0.288333333333,0.0,0.0283333333333,0.268333333333,0.415,502
0.0716666666667,0.0216666666667,0.0316666666667,0.0266666666667,0.848333333333,503
0.971666666667,0.0,0.00166666666667,0.00333333333333,0.0233333333333,504
0.51,0.0,0.125,0.291666666667,0.0733333333333,505
0.245611111111,0.0116666666667,0.03,0.247722222222,0.465,506
0.0766666666667,0.0,0.246666666667,0.261666666667,0.415,507
0.573333333333,0.0,0.0783333333333,0.218333333333,0.13,508
0.401666666667,0.0,0.0433333333333,0.415,0.14,509
0.926666666667,0.00166666666667,0.0,0.00833333333333,0.0633333333333,510
0.644166666667,0.00833333333333,0.00333333333333,0.101666666667,0.2425,511
0.0733333333333,0.00166666666667,0.0916666666667,0.703333333333,0.13,512
0.675,0.0,0.0166666666667,0.13,0.178333333333,513
0.0733333333333,0.0116666666667,0.116666666667,0.0266666666667,0.771666666667,514
0.226666666667,0.0183333333333,0.111666666667,0.411666666667,0.231666666667,515
0.513333333333,0.0,0.0183333333333,0.223333333333,0.245,516
0.118333333333,0.00166666666667,0.16,0.12,0.6,517
0.743333333333,0.005,0.02,0.0116666666667,0.22,518
0.00166666666667,0.00333333333333,0.00166666666667,0.00333333333333,0.99,519
0.01,0.00833333333333,0.16,0.00166666666667,0.82,520
0.486666666667,0.00666666666667,0.015,0.415,0.0766666666667,521
0.495,0.00333333333333,0.0133333333333,0.116666666667,0.371666666667,522
0.696666666667,0.0216666666667,0.09,0.025,0.166666666667,523
0.19,0.0,0.0216666666667,0.135,0.653333333333,524
0.713333333333,0.0,0.00833333333333,0.00333333333333,0.275,525
0.111666666667,0.00166666666667,0.0666666666667,0.498333333333,0.321666666667,526
0.475,0.0,0.0566666666667,0.245,0.223333333333,527
0.181666666667,0.0,0.01,0.715,0.0933333333333,528
0.00166666666667,0.00833333333333,0.0233333333333,0.00333333333333,0.963333333333,529
0.923333333333,0.0,0.0,0.0583333333333,0.0183333333333,530
0.0,0.00333333333333,0.0433333333333,0.00333333333333,0.95,531
0.288333333333,0.0,0.19,0.315,0.206666666667,532
0.889027777778,0.0,0.0,0.005,0.105972222222,533
0.503333333333,0.00333333333333,0.0266666666667,0.0816666666667,0.385,534
0.0,0.00166666666667,0.025,0.00333333333333,0.97,535
0.8,0.0,0.0,0.0183333333333,0.181666666667,536
0.293333333333,0.0,0.12,0.28,0.306666666667,537
0.836666666667,0.0,0.00833333333333,0.0666666666667,0.0883333333333,538
0.41,0.0,0.0133333333333,0.453333333333,0.123333333333,539
0.151666666667,0.0,0.268333333333,0.301666666667,0.278333333333,540
0.0116666666667,0.015,0.0683333333333,0.213333333333,0.691666666667,541
0.00166666666667,0.005,0.0197222222222,0.00166666666667,0.971944444444,542
0.938333333333,0.00166666666667,0.0,0.00333333333333,0.0566666666667,543
0.0283333333333,0.00333333333333,0.231666666667,0.005,0.731666666667,544
0.045,0.0316666666667,0.258333333333,0.0583333333333,0.606666666667,545
0.306666666667,0.0,0.00666666666667,0.288333333333,0.398333333333,546
0.0,0.00166666666667,0.00833333333333,0.00166666666667,0.988333333333,547
0.856666666667,0.0,0.005,0.113333333333,0.025,548
0.025,0.005,0.468333333333,0.025,0.476666666667,549
0.0,0.00333333333333,0.025,0.0,0.971666666667,550
0.588333333333,0.0,0.005,0.275,0.131666666667,551
0.683333333333,0.0,0.0633333333333,0.215,0.0383333333333,552
0.696388888889,0.0,0.01,0.16,0.133611111111,553
0.740833333333,0.00166666666667,0.0,0.0583333333333,0.199166666667,554
0.00333333333333,0.0,0.148333333333,0.0133333333333,0.835,555
0.04,0.01,0.0216666666667,0.00333333333333,0.925,556
0.05,0.00166666666667,0.09,0.413333333333,0.445,557
0.522333333333,0.0,0.00666666666667,0.145,0.326,558
0.987083333333,0.0,0.0,0.00333333333333,0.00958333333333,559
0.336666666667,0.00166666666667,0.0283333333333,0.48,0.153333333333,560
0.315,0.0,0.02,0.621666666667,0.0433333333333,561
0.06,0.00333333333333,0.0933333333333,0.688333333333,0.155,562
0.0316666666667,0.00166666666667,0.06,0.211666666667,0.695,563
0.404444444444,0.0,0.0233333333333,0.271666666667,0.300555555556,564
0.0666666666667,0.0716666666667,0.425,0.0,0.436666666667,565
0.626666666667,0.00166666666667,0.0,0.326666666667,0.045,566
0.0,0.00166666666667,0.0282638888889,0.00333333333333,0.966736111111,567
0.701666666667,0.00666666666667,0.015,0.11,0.166666666667,568
0.658333333333,0.0,0.005,0.201666666667,0.135,569
0.680694444444,0.0,0.00166666666667,0.0933333333333,0.224305555556,570
0.648333333333,0.0,0.00166666666667,0.0283333333333,0.321666666667,571
0.583333333333,0.0,0.015,0.33,0.0716666666667,572
0.0216666666667,0.0,0.118333333333,0.36,0.5,573
0.005,0.0283333333333,0.0766666666667,0.00333333333333,0.886666666667,574
0.841666666667,0.0,0.00166666666667,0.005,0.151666666667,575
0.848333333333,0.00166666666667,0.00166666666667,0.0183333333333,0.13,576
0.381666666667,0.0,0.055,0.451666666667,0.111666666667,577
0.917083333333,0.0,0.0,0.0129166666667,0.07,578
0.0383333333333,0.035,0.44,0.0233333333333,0.463333333333,579
0.575,0.0,0.015,0.260972222222,0.149027777778,580
0.231666666667,0.00166666666667,0.025,0.548333333333,0.193333333333,581
0.005,0.005,0.0983333333333,0.005,0.886666666667,582
0.325,0.0,0.0266666666667,0.338333333333,0.31,583
0.800833333333,0.0,0.0116666666667,0.09,0.0975,584
0.235,0.0,0.005,0.120666666667,0.639333333333,585
0.0883333333333,0.0433333333333,0.0933333333333,0.0,0.775,586
0.815,0.00166666666667,0.0233333333333,0.025,0.135,587
0.025,0.03,0.18,0.155,0.61,588
0.406666666667,0.0,0.0483333333333,0.431666666667,0.113333333333,589
0.48,0.00166666666667,0.00666666666667,0.275,0.236666666667,590
0.191666666667,0.0,0.015,0.601666666667,0.191666666667,591
0.555,0.0,0.0333333333333,0.293333333333,0.118333333333,592
0.005,0.00666666666667,0.02,0.0,0.968333333333,593
0.266666666667,0.00166666666667,0.06,0.498333333333,0.173333333333,594
0.736666666667,0.0116666666667,0.0216666666667,0.0983333333333,0.131666666667,595
0.468333333333,0.0,0.0166666666667,0.25,0.265,596
0.928333333333,0.0,0.035,0.0266666666667,0.01,597
0.363333333333,0.0,0.00666666666667,0.598333333333,0.0316666666667,598
0.898333333333,0.00166666666667,0.0,0.0266666666667,0.0733333333333,599
0.291666666667,0.0266666666667,0.11,0.005,0.566666666667,600
0.0116666666667,0.025,0.39,0.118333333333,0.455,601
0.561111111111,0.0,0.00166666666667,0.107222222222,0.33,602
0.233333333333,0.005,0.0916666666667,0.106666666667,0.563333333333,603
0.045,0.0133333333333,0.145,0.448333333333,0.348333333333,604
0.0,0.005,0.0433333333333,0.00666666666667,0.945,605
0.00166666666667,0.00166666666667,0.206666666667,0.00333333333333,0.786666666667,606
0.505,0.0,0.00333333333333,0.0916666666667,0.4,607
0.0366666666667,0.00166666666667,0.07,0.148333333333,0.743333333333,608
0.00333333333333,0.0116666666667,0.0366666666667,0.0,0.948333333333,609
0.05,0.00166666666667,0.0461111111111,0.404166666667,0.498055555556,610
0.326666666667,0.0,0.0116666666667,0.0383333333333,0.623333333333,611
0.566666666667,0.00333333333333,0.0216666666667,0.225,0.183333333333,612
0.649166666667,0.0,0.00333333333333,0.0533333333333,0.294166666667,613
0.228333333333,0.0,0.05,0.131666666667,0.59,614
0.881666666667,0.0,0.00166666666667,0.0183333333333,0.0983333333333,615
0.316666666667,0.00166666666667,0.0616666666667,0.286666666667,0.333333333333,616
0.784,0.0,0.025,0.102666666667,0.0883333333333,617
0.543333333333,0.0,0.005,0.35,0.101666666667,618
0.735,0.0,0.0,0.005,0.26,619
0.998333333333,0.0,0.0,0.0,0.00166666666667,620
0.005,0.0166666666667,0.16,0.015,0.803333333333,621
0.563333333333,0.00666666666667,0.0516666666667,0.238333333333,0.14,622
0.075,0.025,0.258333333333,0.0333333333333,0.608333333333,623
0.303333333333,0.0,0.0183333333333,0.451666666667,0.226666666667,624
0.693333333333,0.0,0.025,0.236666666667,0.045,625
0.253333333333,0.0,0.0383333333333,0.0633333333333,0.645,626
0.52,0.00166666666667,0.0183333333333,0.28,0.18,627
0.015,0.06,0.148333333333,0.005,0.771666666667,628
0.383333333333,0.0,0.00833333333333,0.196666666667,0.411666666667,629
0.00666666666667,0.00666666666667,0.0116666666667,0.0,0.975,630
0.271666666667,0.0,0.0316666666667,0.446666666667,0.25,631
0.475,0.0,0.00333333333333,0.178333333333,0.343333333333,632
0.813333333333,0.00833333333333,0.005,0.0333333333333,0.14,633
0.69,0.0,0.015,0.0866666666667,0.208333333333,634
0.0,0.055,0.03,0.0,0.915,635
0.855,0.0,0.0216666666667,0.0216666666667,0.101666666667,636
0.93,0.0,0.0,0.0116666666667,0.0583333333333,637
0.63,0.0,0.00166666666667,0.348333333333,0.02,638
0.005,0.015,0.015,0.00333333333333,0.961666666667,639
0.891666666667,0.0,0.0,0.0166666666667,0.0916666666667,640
0.06,0.131666666667,0.196666666667,0.0116666666667,0.6,641
0.441666666667,0.16,0.148333333333,0.005,0.245,642
0.00333333333333,0.0316666666667,0.0283333333333,0.0,0.936666666667,643
0.27,0.005,0.015,0.355,0.355,644
0.811666666667,0.00166666666667,0.00666666666667,0.0866666666667,0.0933333333333,645
0.6175,0.0,0.02,0.280833333333,0.0816666666667,646
0.301666666667,0.00166666666667,0.0883333333333,0.35,0.258333333333,647
0.0,0.0183333333333,0.025,0.0,0.956666666667,648
0.0383333333333,0.0,0.0233333333333,0.0633333333333,0.875,649
0.00333333333333,0.0733333333333,0.0933333333333,0.00166666666667,0.828333333333,650
0.0,0.0216666666667,0.231666666667,0.0,0.746666666667,651
0.667222222222,0.00166666666667,0.0583333333333,0.165,0.107777777778,652
0.315,0.0,0.0366666666667,0.365,0.283333333333,653
0.618333333333,0.00166666666667,0.015,0.0316666666667,0.333333333333,654
0.665,0.0,0.00166666666667,0.00666666666667,0.326666666667,655
0.0633333333333,0.03,0.0433333333333,0.08,0.783333333333,656
