Adoption,Died,Euthanasia,Return_to_owner,Transfer,ID
0.0678779890167,0.00502604265855,0.0787851672338,0.418186302866,0.430124498225,1
0.557523591821,0.000867031193403,0.0199744499724,0.262415383548,0.159219543465,2
0.403201056693,0.00594873346165,0.0283703634062,0.203720477888,0.358759368552,3
0.133429130416,0.00379461022092,0.0376392923384,0.180774119518,0.644362847507,4
0.399957090914,0.00204994710191,0.0365030878486,0.344943011013,0.216546863122,5
0.317416975656,0.00190206541518,0.0537171506865,0.425216468431,0.201747339812,6
0.310418029256,0.00255203845044,0.0791993859124,0.206437866997,0.401392679384,7
0.832213856109,0.00162661843641,0.00419545193773,0.0453785611286,0.116585512389,8
0.790639932623,0.000286365970857,0.00337321465191,0.0995896086335,0.106110878121,9
0.446540054929,0.00199885728431,0.0331411830876,0.282589969989,0.23572993471,10
0.579799854342,0.000352386850013,0.00722770525756,0.140309697632,0.272310355918,11
0.0564121682513,0.00345969321296,0.125193161808,0.35901218497,0.455922791757,12
0.598815818485,0.000584935729424,0.00658720086701,0.118125028691,0.275887016228,13
0.475197802556,0.00407746902438,0.0354060486363,0.0783526652602,0.406966014523,14
0.644841112391,0.00104858217573,0.0137401274431,0.194110628146,0.146259549844,15
0.580250564034,0.000865558927663,0.00931422752295,0.129838446112,0.279731203403,16
0.316813021727,0.0018985841109,0.0541618405859,0.424645231668,0.202481321908,17
0.320099875713,0.00271330645743,0.0502950725265,0.433241585426,0.193650159878,18
0.378232117878,0.0060406002661,0.0452674777335,0.243575177979,0.326884626143,19
0.00750404392725,0.00980707429622,0.278794977021,0.00388960799438,0.700004296762,20
0.309724827049,0.000809801450776,0.0290487889935,0.166492161121,0.493924421386,21
0.0,0.0050767989278,0.0385107391948,0.00263017391754,0.95378228796,22
0.645211272654,0.00105714162531,0.0137355177611,0.195550267988,0.144445799972,23
0.000352890138738,0.00650402859823,0.023578652613,0.00119476735488,0.968369661295,24
0.66349520508,0.00100966573901,0.0113756645782,0.211270315675,0.112849148927,25
0.222440222998,0.0135925188734,0.161751135377,0.0703389287317,0.53187719402,26
0.918533480207,0.000766486681759,0.00175527155163,0.0162033141377,0.0627414474216,27
0.0119692246191,0.0171348328643,0.108202383967,0.0360286088185,0.826664949731,28
0.313359657586,0.00185229763836,0.0572542008839,0.430763696686,0.196770147206,29
0.403978166752,0.00139857073483,0.046137879054,0.323516721157,0.224968662302,30
0.441477530496,0.0057269853622,0.0462242148325,0.0905181480363,0.416053121273,31
0.821053267395,0.000292166956522,0.00250185279235,0.0517444768556,0.124408236,32
0.276014000337,0.0128957171506,0.152544863608,0.0716215507259,0.486923868178,33
0.891761045306,0.000813463021706,0.00309457382903,0.0137037135887,0.0906272042543,34
0.393185126103,0.0158771180478,0.0221329042747,0.0040922003342,0.564712651241,35
0.477595805741,0.0013076808659,0.0317169957745,0.254272296703,0.235107220916,36
0.157266219274,0.0200270820321,0.183946949831,0.0486897146766,0.590070034186,37
0.82085200797,0.00023116355418,0.00174888209668,0.054074581117,0.123093365263,38
0.313909931596,0.00284823568505,0.0528981745582,0.434377139608,0.195966518552,39
0.549746260104,0.00159022685749,0.0231656059075,0.0627961846202,0.362701722511,40
0.0637526094101,0.00414944587555,0.0802409102383,0.427105526153,0.424751508323,41
9.012246973e-05,0.00636071099868,0.0256222974938,0.00113889270643,0.966787976331,42
0.600558087485,0.00118431114534,0.0231178222643,0.148169216817,0.226970562288,43
0.000259023020652,0.0141571117299,0.040455340543,0.00198450307038,0.943144021636,44
0.217834423275,0.0130048972683,0.161558510508,0.0743211904106,0.533280978538,45
0.479472570799,0.00338380946907,0.0346572040622,0.0692275966023,0.413258819067,46
0.381694132751,0.00651788001548,0.0446488744281,0.246320729549,0.320818383256,47
0.494677385401,0.00127793761872,0.0220370713829,0.291898263687,0.19010934191,48
0.346650508498,0.00218112650411,0.0484684977217,0.445733615424,0.156966251853,49
0.0691767228829,0.00610777793507,0.0677530031327,0.304145443843,0.552817052206,50
0.409347104936,0.0606402910769,0.0703160312254,0.00786201044239,0.451834562319,51
0.474341927162,0.000992169246708,0.0310464360511,0.374237875658,0.119381591882,52
0.942330294244,0.000914065013456,0.0020419628525,0.0154952792289,0.0392183986613,53
0.201316339607,0.0855968018104,0.0815227043612,0.00201546271052,0.629548691511,54
0.012224470721,0.0201677925705,0.163340855202,0.0135149867933,0.790751894713,55
0.316269752556,0.00260664852686,0.0717335689819,0.201240553384,0.408149476551,56
0.482199354807,0.00116343477088,0.0281218815667,0.257932477295,0.23058285156,57
0.0,0.0263040014301,0.0208647781104,0.00226012660091,0.950571093859,58
0.00648259518304,0.0146912595936,0.239661109268,0.010634034706,0.728531001249,59
0.80473708756,0.000277209234687,0.00251473159455,0.0629731966241,0.129497774987,60
0.464417183342,0.00434219521827,0.0357169570196,0.0725220467885,0.423001617632,61
0.344031332994,0.00217564496074,0.0506703814396,0.445113924639,0.158008715967,62
0.318909049235,0.000763045305556,0.026561279808,0.160770744577,0.492995881074,63
0.000424790626796,0.0383525838525,0.0296893735449,0.00111532651744,0.930417925458,64
0.0117947581131,0.0227967107174,0.159571881423,0.00446505485941,0.801371594887,65
0.66341992002,0.0010110805664,0.0114367931254,0.211345549369,0.11278665692,66
0.893662550495,0.000905765410016,0.00268401777626,0.0135464259217,0.0892012403975,67
0.0888783565017,0.00185638128818,0.15773930939,0.452299859989,0.299226092831,68
0.39760175392,0.00225448681803,0.0399790167224,0.347870728768,0.212294013773,69
0.00908139285026,0.015174562674,0.170129285506,0.00756009807009,0.7980546609,70
0.0097237194829,0.0150834561786,0.0931192757255,0.0679452678157,0.814128280797,71
0.82099806188,0.000292166956522,0.0024328626472,0.0512307096165,0.125046198899,72
0.0,0.00478185181597,0.0149509357296,0.000249761212277,0.980017451242,73
0.396982955421,0.00222912975128,0.0400757250552,0.347678294446,0.213033895327,74
8.23180520184e-05,0.0149451377934,0.0285739159333,0.00305270342415,0.953345924797,75
0.393079717079,0.016089172008,0.0221091118445,0.00475985636239,0.563962142707,76
0.937668130283,0.00114923257598,0.0019540356668,0.0145596293949,0.0446689720791,77
0.273240615362,0.0127632919114,0.161380702813,0.0701848416177,0.482430548296,78
0.310151399661,0.00192229379102,0.059567130944,0.432166785776,0.196192389828,79
0.918400614126,0.00149618334959,0.00238515743698,0.0158303009486,0.061887744139,80
0.000469139198901,0.0213507346718,0.0307760509114,0.000410425497833,0.94699364972,81
0.0,0.110906076827,0.0761703555829,0.000216614200972,0.812706953389,82
0.661740584273,0.00095940705995,0.011636201496,0.212056565514,0.113607241657,83
0.000382675582766,0.0226129026261,0.0408343125246,0.000576628033108,0.935593481233,84
0.344509255242,0.00223617490396,0.0503869658344,0.44227462365,0.160592980369,85
0.0182690433393,0.0421156723546,0.194971038472,0.00395187875225,0.740692367082,86
0.0550874382031,0.00345606166375,0.127362415547,0.354659281441,0.459434803146,87
0.481074897826,0.00116761557804,0.0329862043648,0.259074974468,0.225696307763,88
0.00697965941205,0.0135859584933,0.157261540689,0.00600354921683,0.816169292188,89
0.86053423652,0.000771289863556,0.00345024089862,0.0228071650154,0.112437067702,90
0.00936482210754,0.00873525354696,0.388204572121,0.00767562987347,0.586019722351,91
0.00462470695968,0.0114135592354,0.241850956958,0.00684254507807,0.735268231769,92
0.826918051391,0.00180428887253,0.00132980872284,0.00873811264065,0.161209738373,93
0.475141995173,0.00098636797419,0.0310842345916,0.373073447454,0.119713954808,94
0.219689682334,0.0139573735349,0.16368420533,0.0722760169492,0.530392721852,95
0.61201819055,0.00101452538203,0.0192855018293,0.232262217425,0.135419564814,96
0.451451214285,0.000970129349919,0.0333007361356,0.385680088364,0.128597831865,97
0.000283976895629,0.00363027750339,0.0211353103148,0.00042779385864,0.974522641428,98
0.35242637847,0.0477096579162,0.0622935008242,0.00592415636918,0.53164630642,99
0.316470661329,0.00188841209053,0.0548105417555,0.424329209106,0.202501175719,100
0.91937391703,0.000952897710077,0.00166597813188,0.0166697567574,0.0613374503707,101
0.600335572639,0.00658202482794,0.025947182016,0.179892034798,0.187243185719,102
0.505816044577,0.000989750124879,0.0258423261846,0.290217892299,0.177133986814,103
0.48496336813,0.00109206693347,0.0297209697448,0.262620913954,0.221602681238,104
0.317361399437,0.000797385951487,0.0260648411044,0.157325878688,0.498450494819,105
0.658782283734,0.000864068462195,0.0120118024608,0.215293282426,0.113048562917,106
0.346592425572,0.00218178492814,0.0503066586026,0.443100695338,0.15781843556,107
0.0295115134513,0.00219120191491,0.107791494249,0.421506182436,0.438999607949,108
0.914703290528,0.00111673682934,0.00200734514317,0.022646360977,0.0595262665224,109
0.373359320851,0.00571521227644,0.0469927806013,0.254053914332,0.319878771939,110
0.476799359416,0.00100953781155,0.0288961683173,0.375303844763,0.117991089692,111
0.643726439137,0.0010009180199,0.0138522395227,0.196579385825,0.144841017496,112
0.322226178541,0.00192859252503,0.0499599446167,0.429545488901,0.196339795416,113
0.319024427075,0.00192258457648,0.0516756388973,0.434082609877,0.193294739574,114
0.00501578960241,0.0144164079052,0.19754953237,0.00904729833536,0.773970971787,115
0.674364089558,0.00134437578925,0.00487588474311,0.115511095379,0.203904554531,116
0.64843796323,0.00151957588908,0.0111500805435,0.180486777965,0.158405602373,117
0.0343837940752,0.00186625955152,0.143536537486,0.471751224772,0.348462184116,118
0.264123097489,0.00201779132824,0.0880665083009,0.515417749728,0.130374853154,119
0.216643638113,0.0153416157121,0.163497726248,0.0737469519463,0.530770067981,120
0.917276141402,0.000789277000993,0.0017114416769,0.0164897760251,0.0637333638951,121
0.855925446231,0.00196389513993,0.00161239953465,0.0110980738147,0.129400185279,122
0.812915044054,0.000534840468561,0.00310237023337,0.0141555984058,0.169292146839,123
0.000548902195609,0.0724561166693,0.0809785160698,0.00117256051724,0.844843904548,124
0.00327087187957,0.0166888828908,0.0657317224278,0.0264386710773,0.887869851725,125
0.878652985112,0.000113576897318,0.00125562276815,0.0584104727442,0.0615673424778,126
0.272330755841,0.0130002657933,0.165630232578,0.0704340966014,0.478604649187,127
0.784804725465,0.00333080367551,0.00251333384114,0.0375338081448,0.171817328873,128
0.920390138502,0.000962388548748,0.00163188266203,0.0166854825334,0.0603301077539,129
0.833812724349,0.00229195354616,0.00112238579947,0.00917457788586,0.15359835842,130
0.438292380353,0.0019532251077,0.0331043204486,0.359242074833,0.167407999258,131
0.918413892917,0.00078025301568,0.00164610377101,0.0159913452969,0.063168404999,132
0.791949004029,0.000567038941947,0.00692309217079,0.0168245508269,0.183736314032,133
0.403672030838,0.0015061244776,0.0421140531382,0.320807198098,0.231900593448,134
0.656761930168,0.00412201017789,0.0446973440242,0.171689507178,0.122729208452,135
0.397868320374,0.00147142530095,0.0534431842123,0.323206958967,0.224010111145,136
0.563517838363,0.00243953588645,0.0392961657292,0.167067918564,0.227678541458,137
0.000548902195609,0.0333899405996,0.0517704117568,0.000308748322934,0.913981997125,138
0.369567055166,0.00148392623486,0.0380858253686,0.434892159749,0.155971033482,139
0.616475407992,0.00123896629386,0.0133283412527,0.256437585733,0.112519698728,140
0.506176629891,0.00116887880063,0.023721075091,0.233979460504,0.234953955713,141
0.309662023541,0.0698231456985,0.085245706754,0.00632402970692,0.5289450943,142
0.316678596315,0.00188297588447,0.05474557176,0.424165957976,0.202526898064,143
0.303553330069,0.00218124583262,0.0635970720511,0.436917754222,0.193750597825,144
0.509973564326,0.00135943585226,0.0259466243289,0.303988586087,0.158731789406,145
0.347006993118,0.00218524754163,0.0468633075516,0.449047548464,0.154896903324,146
0.42899673906,0.00337454367693,0.0429168057211,0.265877031742,0.258834879801,147
0.312151510023,0.00187234180912,0.0571818023831,0.43273639955,0.196057946235,148
0.00730343856134,0.0137897280375,0.205583531453,0.00992758904764,0.7633957129,149
0.299911708247,0.0627103422554,0.0904657746876,0.00565190450867,0.541260270301,150
0.216956611464,0.0139641229383,0.172865824933,0.0735684452331,0.522644995432,151
0.0051426303372,0.010989676019,0.197518092166,0.00378284252336,0.782566758954,152
0.57260473517,0.000363580932865,0.00749455850259,0.138224863474,0.281312261921,153
0.0431961004806,0.00332194423027,0.127706824412,0.416901936706,0.408873194171,154
0.73071692921,0.000733287046957,0.00437853708685,0.0362335152765,0.227937731379,155
0.606662432912,0.00125230788811,0.0079471422519,0.113498099742,0.270640017206,156
0.347789937725,0.00219351905926,0.0465554159997,0.448339579575,0.155121547642,157
0.000248794949793,0.016825614252,0.0293476518991,0.00240589653493,0.951172042364,158
0.373343450083,0.00570516853496,0.0467563834291,0.253983393975,0.320211603977,159
0.506885707436,0.000913960406703,0.0289517930381,0.285473762104,0.177774777015,160
0.406370376731,0.00147970876667,0.0431355414636,0.317479714156,0.231534658882,161
0.477630873748,0.00130883616133,0.0316911481454,0.254105259465,0.23526388248,162
0.000718654434251,0.0479965050275,0.0335613587486,0.000840673277007,0.916882808513,163
0.942845203696,0.000886989697424,0.00198526408621,0.0151898384502,0.0390927040701,164
0.353969361078,0.00220292214772,0.045269940985,0.440159651402,0.158398124388,165
0.853305866136,0.00186834528685,0.00158578801392,0.00929117277039,0.133948827793,166
0.654663354043,0.000910829399314,0.0118763418924,0.220131967068,0.112417507597,167
0.625568092066,0.00110579603466,0.0161826558078,0.246446965964,0.110696490127,168
0.686996200239,0.000250943888886,0.00771084749343,0.168754272004,0.136287736375,169
0.779978216929,0.000245555729588,0.00303602706428,0.0515111445803,0.165229055697,170
0.00324342528516,0.00775700076387,0.306617544223,0.00444450675406,0.677937522974,171
0.398228482451,0.0021546427978,0.0362533670835,0.344360806708,0.21900270096,172
0.312605767835,0.00185332460657,0.0571051326704,0.432111669275,0.196324105613,173
0.312496494005,0.00186470432547,0.0570957663543,0.432586561663,0.195956473652,174
0.390632004122,0.00228932682353,0.042234401922,0.351412143708,0.213432123424,175
0.468784751974,0.062043516427,0.0618385657889,0.00752730092685,0.399805864884,176
0.34760090174,0.002242783576,0.0492758153383,0.439970753761,0.160909745585,177
0.33875159554,0.000814814969672,0.0260609891363,0.147996703013,0.486375897341,178
0.526698102428,0.00283426371553,0.0338263749455,0.0678267307031,0.368814528208,179
0.00646841462228,0.0133629051745,0.198608573259,0.0285119249179,0.753048182026,180
7.6470098802e-05,0.0258168266806,0.0304083312626,0.00470934504503,0.938989026913,181
0.433997480099,0.0507642833128,0.0533343574578,0.0055864820964,0.456317397034,182
0.478443715244,0.00129882201333,0.0312988700044,0.25400610002,0.234952492718,183
0.0641675857389,0.00406708575321,0.10135156132,0.367510517958,0.462903249231,184
0.477539153249,0.00101833046111,0.0287429859387,0.374752521903,0.117947008448,185
0.374801347544,0.00156845643523,0.0376882278417,0.425200655925,0.160741312255,186
7.6470098802e-05,0.0151756584774,0.0260643744141,0.00334718277943,0.95533631423,187
0.399515623338,0.00212143400288,0.0399641500509,0.347064326788,0.211334465819,188
0.68207242357,0.000476833779664,0.00596475407295,0.0976320659226,0.213853922655,189
0.862693024878,0.000121944949919,0.00200099829948,0.070318030011,0.064866001862,190
0.315224376963,0.00271366436634,0.0549516354711,0.434764639944,0.192345683255,191
0.475414639252,0.000984058884041,0.0309936437671,0.373125474312,0.119482183784,192
0.107610320879,0.00165834656718,0.032608177816,0.166572974196,0.691550180542,193
0.558171087629,0.0018507250364,0.0239948027041,0.0648358676617,0.351147516969,194
0.818448812333,0.000283355508309,0.00196185012243,0.0491346245219,0.130171357514,195
0.719481166149,0.00471257662647,0.0028544701882,0.0324642913695,0.240487495666,196
0.479495850873,0.0012601044466,0.0317669310584,0.254695591781,0.232781521841,197
0.657658812058,0.000850436817937,0.012117584349,0.216642557998,0.112730608777,198
0.317275288682,0.00190397537591,0.0541641083307,0.424520415875,0.202136211737,199
0.660921625912,0.000989303697462,0.0117459156555,0.210541378119,0.115801776616,200
0.0,0.00394956881202,0.0316095689881,0.00284194963215,0.961598912568,201
0.376694270331,0.00594056028176,0.0460221266401,0.243397272089,0.327945770658,202
0.549206705383,0.00112332002645,0.0215959102383,0.270594815002,0.157479249351,203
0.679095331181,0.00226860044085,0.0174048722985,0.0493956014291,0.251835594651,204
0.0456783378046,0.00387242503081,0.0948669666751,0.433939548263,0.421642722227,205
0.455380411118,0.00421037980597,0.0264241599242,0.216372583272,0.29761246588,206
0.498677590657,0.00136119703566,0.0303098850418,0.307911214841,0.161740112424,207
0.0488415907165,0.00285549650387,0.125821764954,0.399704890303,0.422776257523,208
0.407142204418,0.00144900285838,0.0412538861291,0.318654934236,0.231499972359,209
0.405616767813,0.00148027370475,0.0431313494033,0.318111547689,0.23166006139,210
0.00784861743981,0.0181142487832,0.183770962091,0.00852445050312,0.781741721183,211
0.303229847969,0.00218444281894,0.0636824314612,0.437118786256,0.193784491495,212
0.465834279501,0.000919322983709,0.0337097492179,0.382643620271,0.116893028026,213
0.546291939723,0.00173717679493,0.0227664048182,0.0623398767166,0.366864601947,214
7.8319855921e-05,0.0226804316962,0.027166337485,0.00463975426187,0.945435156701,215
0.457323626672,0.00454851482276,0.0415753997633,0.097969375458,0.398583083284,216
0.899590287013,0.000857294340294,0.00442021473503,0.0190421604474,0.0760900434648,217
0.317942426365,0.000686393801956,0.026650902738,0.156711111475,0.49800916562,218
0.453022258232,0.00192141987126,0.0312792640193,0.281670484879,0.232106572998,219
0.312474992123,0.0018691448228,0.0570964429729,0.432535367516,0.196024052565,220
0.0417937297604,0.0021826073472,0.131600166191,0.443843128434,0.380580368267,221
0.0158272759783,0.0413438547103,0.22285640066,0.00633892227788,0.713633546373,222
0.20320479328,0.0938081969031,0.084227944268,0.00362065925864,0.615138406291,223
0.482226564997,0.00116824160969,0.0281696477643,0.257969531935,0.230466013693,224
0.0865647828305,0.00174430143462,0.198068329115,0.510680056052,0.202942530568,225
0.439845524582,0.00194172280836,0.0329339419344,0.358131716578,0.167147094097,226
0.0127082929145,0.0398499968614,0.2275563131,0.00542574682779,0.714459650296,227
0.0,0.0142088405917,0.0113286564491,0.00311716538148,0.971345337578,228
0.609685647778,0.00115369199562,0.0182269143552,0.229896354716,0.141037391155,229
0.0133205492378,0.0250974154647,0.172828946314,0.006012553744,0.782740535239,230
0.943606883607,0.000886742415473,0.00176995551971,0.0149749606169,0.0387614578409,231
0.818435652063,0.000588907141139,0.00296532052357,0.0466291256988,0.131380994574,232
0.00024078212928,0.0279728539835,0.0314974042309,0.00450996960933,0.935778990047,233
0.0416743256573,0.00187942917791,0.134876040805,0.42940519455,0.39216500981,234
0.312173011904,0.00186790131178,0.0571811257644,0.432787593697,0.195990367322,235
0.918142200755,0.000767680450111,0.00162748179708,0.0160082120494,0.0634544249485,236
0.47520968025,0.000983617699162,0.031033698288,0.373123296189,0.119649707574,237
0.0121711381764,0.0188138606438,0.122835558635,0.0336605043147,0.812518938231,238
0.644132117397,0.00114678918142,0.0135259720147,0.193109947334,0.148085174073,239
0.764052529307,0.00166945154417,0.00815073963968,0.033939580724,0.192187698785,240
0.727659110144,0.000355369350664,0.00381627590245,0.0179101010039,0.250259143599,241
0.348429536134,0.00223875593187,0.0492492268745,0.439317363187,0.160765117873,242
0.841886418345,0.00316872643715,0.00853119423083,0.00736375463055,0.139049906356,243
0.436547059091,0.00367772634269,0.0394313496402,0.24508426844,0.275259596486,244
0.406503318265,0.00136584032352,0.0434090407968,0.324427871886,0.224293928729,245
0.346932115393,0.00225278557117,0.0493985588057,0.440660170172,0.160756370058,246
0.442866070745,0.00227608325349,0.0261678958745,0.213849996906,0.314839953221,247
0.453998720264,0.00256168597905,0.0284448758559,0.221120470782,0.293874247119,248
0.312164119423,0.00274004560456,0.0561829891191,0.437802633523,0.19111021233,249
0.852779309507,0.00283766224412,0.00235229919417,0.0102545981502,0.131776130905,250
0.00115874790291,0.0166708876774,0.0296910456286,0.423072872143,0.529406446648,251
0.31854239815,0.00281229001,0.0516243879695,0.430089253119,0.196931670751,252
0.000465338432005,0.0133323441119,0.0332507237338,0.000110915041912,0.95284067868,253
0.317279077073,0.0026648003684,0.0520933965489,0.435590650298,0.192372075711,254
0.000345880296004,0.00335542444406,0.0227867739755,0.000442601696041,0.973069319588,255
0.410388002113,0.00134084144888,0.0412662754015,0.326800172634,0.220204708403,256
0.452771417945,0.00275104208715,0.0423248336109,0.0803317062769,0.42182100008,257
0.333385470563,0.00193704801229,0.025818516852,0.1465827581,0.492276206474,258
0.300132043823,0.00306352633071,0.0616591204983,0.446310320834,0.188834988513,259
0.905527917675,0.00031577626858,0.00140457660768,0.0247382543539,0.0680134750951,260
0.781980744107,0.000194894400275,0.00272960153448,0.0559502835746,0.159144476383,261
0.635785298485,0.00111359019611,0.0113843028901,0.206956772081,0.144760036348,262
0.703451127158,0.000228378189338,0.00720020486707,0.151364607298,0.137755682488,263
0.40540078491,0.00148032867309,0.0432302215834,0.318373016797,0.231515648036,264
0.377241934699,0.0015828257014,0.0379689447999,0.422859282513,0.160347012286,265
0.434712286049,0.00356847763848,0.0411259423196,0.250490739912,0.270102554081,266
0.00412027079702,0.0142574346686,0.077847843168,0.0167547151045,0.887019736262,267
0.00706668775507,0.0144383563894,0.209114686706,0.00953904813546,0.759841221014,268
0.00824117072731,0.0228542790402,0.153604114922,0.010715462234,0.804584973076,269
0.835422263349,0.00153056518911,0.00414444459307,0.0455355664758,0.113367160393,270
0.00808068107923,0.0177406770716,0.186773965224,0.00661088371215,0.780793792913,271
0.160296494528,0.0183868204476,0.200504799035,0.053104074088,0.567707811901,272
0.0549616249597,0.00650680410286,0.0875424519981,0.497110683667,0.353878435272,273
0.23067885445,0.00502562542213,0.218502743614,0.108465559637,0.437327216877,274
0.261337499522,0.0135127556856,0.182692677433,0.0715895316204,0.470867535739,275
0.00184593474384,0.0121732840704,0.159153484086,0.00165980901695,0.825167488083,276
0.0,0.0113282697697,0.0306926301981,0.00479463978642,0.953184460246,277
0.217512832148,0.0141890282278,0.160403487815,0.0760505949925,0.531844056817,278
0.680520353401,0.00356986425409,0.0202601817349,0.166013194111,0.129636406499,279
0.0511808165136,0.00591720334027,0.114045400124,0.0795551998969,0.749301380125,280
0.448315211138,0.00100817231486,0.0365568490393,0.381558033368,0.132561734139,281
0.314507549347,0.00270572103015,0.0514849183947,0.43455720437,0.196744606858,282
0.00504065026116,0.0172929833957,0.094138303424,0.0416192720554,0.841908790864,283
0.89131767035,0.000841097922012,0.00278356222232,0.014392296278,0.0906653732279,284
0.309537257881,0.00271128471669,0.0578114530443,0.438427518351,0.191512486007,285
0.437669444031,0.00193158530366,0.0337312536986,0.358711166141,0.167956550826,286
0.00795808373309,0.0145409281914,0.244770367287,0.0256392914239,0.707091329364,287
0.000363369931773,0.0242601630237,0.0367456335859,0.00050247892721,0.938128354531,288
0.453332762045,0.00192228900042,0.0312467516326,0.28174171237,0.231756484952,289
0.373396395681,0.00157010229666,0.0389593972329,0.427196061987,0.158878042802,290
0.662321029225,0.0011272703698,0.0107278500745,0.0375088783046,0.288314972027,291
0.890846574678,0.000810704847799,0.00305245444227,0.0131119844136,0.0921782816184,292
0.818024941969,0.00059382294345,0.00734876778114,0.0153006122366,0.15873185507,293
0.0310990874279,0.00161480263416,0.205094668111,0.138802381619,0.623389060208,294
0.34342291885,0.00222074651061,0.0497570510522,0.447445529475,0.157153754112,295
0.0101905811184,0.0175855274435,0.102366484633,0.0395471284191,0.830310278386,296
0.40494080484,0.0014785231459,0.0432073798202,0.317834852188,0.232538440005,297
0.0115968003734,0.028717291004,0.308725762758,0.0595179090049,0.59144223686,298
0.614386223445,0.00107645059902,0.0188426890952,0.231302191705,0.134392445156,299
0.386134354512,0.00449691010327,0.0327480826833,0.223932347008,0.352688305693,300
0.433654916123,0.00188963166215,0.0358154885233,0.363563000109,0.165076963582,301
0.91909429641,0.000932969434534,0.00168099978228,0.0167954720264,0.0614962623469,302
0.899707699304,0.000869586266605,0.00269528632105,0.0135009204148,0.083226507694,303
0.405919204004,0.00148245216606,0.0433319077748,0.317810127274,0.231456308782,304
0.00537729537384,0.0175105378292,0.445746410844,0.0364194815021,0.49494627445,305
0.350442660405,0.0024139907719,0.0670073497113,0.466507043095,0.113628956018,306
0.741760185682,0.00392029184889,0.00349913538891,0.039242046437,0.211578340643,307
0.448715915912,0.00261443072883,0.0294531052246,0.229684040344,0.28953250779,308
0.722344824043,0.000272742724702,0.00463518428782,0.147297343465,0.12544990548,309
0.119880516261,0.0861103917528,0.0539177586652,0.00264660399375,0.737444729327,310
0.43453307682,0.00381771778461,0.040570867747,0.253505833595,0.267572504053,311
0.925671426236,0.000757760249839,0.00457574943155,0.0139842268438,0.0550108372389,312
0.00784306739436,0.0158299363813,0.14291356654,0.00402762089403,0.82938580879,313
0.313514461639,0.00188184488955,0.0562315938952,0.432801300314,0.195570799262,314
0.0195502999213,0.0150178844235,0.00871168929547,0.00898404764308,0.947736078717,315
0.374016338168,0.0014754306016,0.0375482459996,0.430403938655,0.156556046576,316
0.313605200615,0.00190188588738,0.0544341413148,0.426116522623,0.20394224956,317
0.555541037537,0.00165114659902,0.0132474527227,0.0531425752491,0.376417787892,318
8.24869459741e-05,0.016180301972,0.0257313355461,0.00305046158871,0.954955413947,319
0.428868713832,0.00186966045487,0.0376107834481,0.366586583093,0.165064259172,320
0.386112525479,0.00463478103369,0.0332665304422,0.224302624311,0.351683538735,321
0.000548902195609,0.106106632822,0.0578878651868,0.000756666426073,0.834699933369,322
0.0,0.0651392532041,0.124886757461,0.00544293145156,0.804531057883,323
0.916379644565,0.00132903279133,0.0027432946962,0.0153812307785,0.0641667971691,324
0.899192251088,0.000886019621282,0.00147148183287,0.0189756544317,0.0794745930262,325
0.798610186207,0.00170324506796,0.000887318662239,0.0089654474548,0.189833802608,326
0.864702121923,0.000194412881975,0.00197217643,0.0651981670656,0.0679331216995,327
0.350305606386,0.00221452495489,0.0487429456959,0.438004070009,0.160732852954,328
0.720955006729,0.0003370137071,0.00608383354,0.139528497835,0.133095648189,329
0.0579936744094,0.0051919659155,0.122448969339,0.391061013147,0.423304377189,330
0.275794628753,0.00185228428109,0.0853961553182,0.504699139141,0.132257792507,331
0.0084946678798,0.0144762121174,0.186375704529,0.00787543636872,0.782777979105,332
0.840594124393,0.0022882381163,0.0012399067553,0.00910410052341,0.146773630212,333
0.828177957315,0.000587357619832,0.00269701085457,0.0224932839668,0.146044390244,334
0.00375420132974,0.0301039391487,0.114206937677,0.0189037556297,0.833031166215,335
0.911751000388,0.000977738903805,0.00147615142677,0.0167560671533,0.0690390421279,336
0.0161335198085,0.00948489087489,0.425647805836,0.00774934742208,0.540984436059,337
0.480763715511,0.00122168665197,0.0336684005532,0.258641736501,0.225704460783,338
0.00894677692029,0.0329505592444,0.173046335642,0.0420747204446,0.742981607749,339
0.404543632091,0.00138291581138,0.0461485987509,0.322991849457,0.22493300389,340
0.208834393549,0.0122215642973,0.145677973441,0.0727225178134,0.5605435509,341
0.652409267357,0.00178320254725,0.00642337310147,0.0375961999117,0.301787957082,342
0.00565813936434,0.0305556120488,0.545725031043,0.0393175986071,0.378743618937,343
0.648907268206,0.00157339219975,0.0111535234382,0.180336142025,0.158029674131,344
0.609128634205,0.00104339294666,0.0207804022927,0.146089107379,0.222958463176,345
0.437554975058,0.00195248648251,0.0339886956539,0.358306642772,0.168197200034,346
0.371357355897,0.00147871986092,0.0390572662876,0.429612686821,0.158493971133,347
0.17782595242,0.0400925969604,0.0410562341964,0.00608922134844,0.734935995075,348
0.241939662652,0.00258931465592,0.085832082119,0.506664213939,0.162974726634,349
0.405816505157,0.00211058359028,0.0379219190994,0.343909691849,0.210241300304,350
0.588304205086,0.000515683459212,0.00689338442749,0.127009831998,0.277276895029,351
0.0,0.0163309223263,0.0313507823792,0.0128698450362,0.939448450258,352
0.314665705987,0.00267864584694,0.0556415997341,0.434512058187,0.192501990245,353
0.942919520174,0.000900709641665,0.00199432347183,0.0151687352649,0.0390167114474,354
0.643826535304,0.00114882059524,0.0135892911357,0.193181090301,0.148254262664,355
0.0126039990773,0.0408195072465,0.230463436634,0.0054913251951,0.710621731847,356
0.563686980739,0.000755064673211,0.00620076371656,0.0589137451968,0.370443445674,357
0.610941169695,0.000945599378692,0.00565153980378,0.0453545443617,0.33710714676,358
0.507753213228,0.0364316288117,0.0617724636049,0.0117249963365,0.382317698019,359
0.597857110719,0.00113560660767,0.00541770041063,0.0432577599733,0.352331822289,360
0.810446295031,0.000731680179724,0.00306278924879,0.0133188604913,0.172440375049,361
0.0465616208608,0.00106183623912,0.162387345767,0.410958983026,0.379030214107,362
0.343012875361,0.00220057161949,0.0510134171042,0.445413702025,0.158359433891,363
0.810152015297,0.000771038506274,0.003263566828,0.0131751579328,0.172638221436,364
0.394931758572,0.00465382993925,0.0322455172484,0.213150248012,0.355018646229,365
0.00374698953329,0.00949129991827,0.689879483219,0.00324870486283,0.293633522467,366
0.5375236534,0.00069111828791,0.00690215212742,0.0516636230882,0.403219453096,367
0.00298147596826,0.0175760620692,0.577067593262,0.0310491263261,0.371325742374,368
0.0046355564629,0.0119256290027,0.289482819243,0.0109509423084,0.683005052983,369
0.684049776695,0.00162984458049,0.0144053144158,0.0490007378158,0.250914326493,370
0.447359244186,0.00191924299606,0.0329944833114,0.282924709879,0.234802319628,371
0.670504342878,0.00244553984847,0.0181904292824,0.0608418489214,0.248017839069,372
0.944217193032,0.000981319121338,0.00191498795711,0.0149170113262,0.0379694885635,373
0.34238961378,0.00221162957508,0.0509617476438,0.446118891708,0.158318117292,374
0.0,0.0201046000509,0.189229593071,0.0163480387652,0.774317768113,375
0.317963696948,0.00189707992,0.053555949158,0.424662880097,0.201920393876,376
0.479389910906,0.00118435913694,0.0334706604314,0.258872646674,0.227082422852,377
0.644929166488,0.00119144030261,0.0139333483971,0.191271412221,0.148674632592,378
0.480265725773,0.00114605751298,0.0295008741339,0.256763310601,0.23232403198,379
0.242187384443,0.0285164830449,0.0265285608829,0.00549330619353,0.697274265436,380
0.868647705874,0.000836182629729,0.00354915790651,0.0118223508413,0.115144602748,381
0.00235044527996,0.0320551677404,0.124880473444,0.00358413717476,0.837129776361,382
0.00562581442164,0.0591721319481,0.126687318393,0.00153123014704,0.80698350509,383
0.00355500663692,0.0133491986971,0.168922784297,0.00433394742954,0.809839062939,384
0.476961790491,0.00103352940619,0.0292065653283,0.374630844602,0.118167270173,385
0.34339882127,0.00221128628878,0.0498235839601,0.44715715718,0.157409151302,386
0.000140419556395,0.00704021308012,0.0254782492635,0.00102131766403,0.966319800436,387
0.725113164787,0.000297027261964,0.00520632888367,0.144006088755,0.125377390312,388
0.83537484375,0.00200601348025,0.00125494583619,0.0101409868112,0.151223210123,389
0.812533646259,0.000547601090754,0.00307912177321,0.01422351343,0.169616117447,390
0.0774765279393,0.00160219387934,0.184326363516,0.552268448514,0.184326466151,391
0.0,0.0185612481143,0.026196883665,0.0188279192582,0.936413948962,392
0.834211464182,0.000566129897214,0.00226990580196,0.0120318069236,0.150920693195,393
0.00699077438303,0.0252822106324,0.109428909311,0.0177457922848,0.840552313389,394
0.403848861061,0.00138675741682,0.0461961172924,0.32331433672,0.22525392751,395
0.228673319468,0.0028821655347,0.0867670851571,0.511338937915,0.170338491925,396
0.059049034343,0.0052937357587,0.0943989946413,0.394689363196,0.446568872061,397
0.540784243389,0.02548339173,0.0443132810494,0.0157195158961,0.373699567935,398
0.688974189062,0.000268263711322,0.00792666595885,0.164932744875,0.137898136393,399
0.860913229772,0.000109245289487,0.00180095622564,0.0712777376251,0.0658988310878,400
0.933133297494,0.000715554313557,0.00426796437571,0.0140472503583,0.0478359334582,401
0.670093008508,0.00107093373229,0.0100869399391,0.199010908323,0.119738209498,402
0.478059881927,0.00129182219121,0.031732253835,0.254216197253,0.234699844794,403
0.00587925541521,0.0575430670048,0.132425385824,0.000930922807527,0.803221368948,404
0.560876452718,0.00621743287753,0.0398147285442,0.0458337930454,0.347257592815,405
0.335566524815,0.00245003092131,0.0573811922163,0.447192459673,0.157409792374,406
0.726306587084,0.00514822046211,0.00299673067308,0.0324011336322,0.233147328148,407
0.235745609266,0.00187593421015,0.0893043321106,0.490596075751,0.182478048662,408
0.744792032451,0.000424490539233,0.00364372198485,0.0800923167958,0.171047438229,409
0.000548902195609,0.136902027723,0.0570630538219,4.99455382784e-05,0.805436070721,410
0.0463764763257,0.00285218980363,0.0968547545252,0.469035742036,0.384880837309,411
0.811516820405,0.000534417740825,0.00315348613369,0.0141556011681,0.170639674552,412
0.47384109132,0.00132069212741,0.031588284271,0.257560311217,0.235689621065,413
0.920426767437,0.000962013296943,0.00179051400231,0.0170395390882,0.0597811661752,414
0.315261015402,0.00263997185159,0.0551790995435,0.435731818966,0.191188094237,415
0.94498053594,0.000967983584331,0.00191686220132,0.0147600652622,0.0373745530123,416
0.462225535713,0.000916668423896,0.0380635807755,0.382830016307,0.115964198781,417
0.410410984724,0.00142197388654,0.0392294115672,0.320065400728,0.228872229094,418
0.650632192776,0.00102897240232,0.00720713950751,0.0401723084415,0.300959386873,419
0.557160094053,0.00190446480539,0.0233207188319,0.063419517429,0.35419520488,420
0.7798072955,0.000243409774449,0.00321590351122,0.0481172041849,0.16861618703,421
0.000172741900019,0.00716609257929,0.0230472781325,0.00125380054184,0.968360086846,422
0.000172741900019,0.00582151917928,0.0249044642096,0.00106799110701,0.968033283604,423
0.83341515934,0.00234726980053,0.00137544545887,0.01065902471,0.15220310069,424
0.63636573202,0.00305037915703,0.020786132832,0.0607994532686,0.278998302723,425
0.00233047993597,0.034342301176,0.0964296474416,0.0372680776624,0.829629493784,426
0.8595992465,0.00113082569091,0.00497112494667,0.0186641419206,0.115634660942,427
0.00563067259326,0.0154846635616,0.153860688898,0.004857835263,0.820166139684,428
0.190226914486,0.00542036989826,0.0304246236887,0.125533164899,0.648394927028,429
9.9990775932e-05,0.00978264538712,0.0251754521684,0.00168826506986,0.963253646599,430
0.664783027653,0.00131061927365,0.00537523035351,0.0455340496571,0.282997073062,431
0.321343956021,0.00261729653515,0.0526606219863,0.432084263367,0.191293862091,432
0.661837413151,0.000960078173318,0.0115710520401,0.211901497408,0.113729959228,433
0.316595948699,0.00188253694497,0.0547494350294,0.423971553472,0.202800525855,434
0.00298184609088,0.0242686826218,0.103230754146,0.00153137879242,0.867987338349,435
0.00822539264377,0.0144898523351,0.15101882746,0.00589854938628,0.820367378174,436
0.627178806336,0.0012867115331,0.00706472325669,0.0450734810762,0.319396277798,437
0.403835807492,0.00143802942148,0.0440631762103,0.318321729374,0.232341257502,438
0.00737560824292,0.0137950985562,0.202554660427,0.010327646137,0.765946986637,439
0.715058679126,0.00449052099835,0.00319196973273,0.0458692807403,0.231389549403,440
0.0636061991892,0.00796102128983,0.107386408821,0.11053886731,0.710507503391,441
0.481882840758,0.00171537811739,0.0271215548086,0.248312641552,0.240967584764,442
0.594988694786,0.00067690966536,0.00658546748716,0.0597318107132,0.338017117348,443
0.313878523623,0.0019269913653,0.0540485133683,0.427186275566,0.202959696077,444
0.397751393671,0.00147712857609,0.0535208401008,0.323345610517,0.223905027136,445
0.580069399151,0.000770007939613,0.0173503622147,0.225322600991,0.176487629704,446
0.549954384078,0.0101348648246,0.04373874239,0.208291606554,0.187880402153,447
0.300175624746,0.0567278471628,0.0831416889933,0.00544443611908,0.554510402979,448
0.471985336148,0.0589642575608,0.0579817317754,0.00720606805635,0.403862606459,449
0.184942212716,0.00556473973417,0.0479568015631,0.146531144724,0.615005101263,450
0.000263260865715,0.00402320321218,0.0234515678244,0.000525912234616,0.971736055863,451
0.383989561475,0.00928677931842,0.0852165192635,0.251387532608,0.270119607335,452
0.511987517497,0.00124557903427,0.0228234348193,0.306305928839,0.157637539811,453
0.00788140089232,0.0124860400286,0.262065685182,0.0101244968083,0.707442377088,454
0.62308687426,0.00103112386792,0.0166077737406,0.247612142142,0.11166208599,455
0.434537159951,0.00187587385519,0.0358473548883,0.362872049949,0.164867561356,456
0.668440594156,0.000454516320151,0.00385922789921,0.0304799058009,0.296765755824,457
0.0487685069164,0.00299321964948,0.127114974526,0.37693758611,0.444185712798,458
0.812849262577,0.00252644084233,0.0101994348961,0.0795545495616,0.0948703121228,459
0.000548902195609,0.113908888198,0.0617469978384,0.00122940729368,0.822565804474,460
0.577598179793,0.000759338087855,0.0173817690615,0.226399233647,0.17786147941,461
0.351253729706,0.00222352676328,0.0455902025556,0.442360247209,0.158572293766,462
0.000289276786765,0.018856702217,0.0276372704466,0.00311202683534,0.950104723714,463
0.0580249809647,0.00372708404685,0.119800684943,0.42227690911,0.396170340935,464
0.405341156912,0.00147718698286,0.0434075988491,0.31827198581,0.231502071446,465
0.478038380046,0.00129626268855,0.0317329304537,0.254165003106,0.234767423706,466
0.0132799401808,0.0136437211383,0.33724720158,0.0280815684239,0.607747568677,467
0.311537852789,0.00141500397974,0.0420510656963,0.213121354996,0.431874722539,468
0.596345595986,0.00125375129357,0.023686173491,0.151657325657,0.227057153573,469
0.50494045835,0.00226660347916,0.0287796284247,0.0705886403331,0.393424669413,470
0.00474487766905,0.0155235533736,0.148093230331,0.00462190026367,0.827016438363,471
0.00315349014631,0.0203111405669,0.527819746827,0.0214483692583,0.427267253202,472
0.82527210108,0.000497658162306,0.00288334405675,0.0197302953327,0.151616601369,473
0.398720343896,0.00210598750831,0.0400679864608,0.347187316561,0.211918365573,474
0.514199985028,0.00134503892961,0.0223445213294,0.300679847832,0.161430606881,475
0.702955491598,0.00259687916657,0.0198088932464,0.149503796064,0.125134939925,476
0.00535441429934,0.0132696985659,0.242376862371,0.00940101717379,0.72959800759,477
0.474982582158,0.000983137740622,0.0311565825239,0.373219073472,0.119658624106,478
0.00948341663331,0.0183392616856,0.194817695599,0.00902033898326,0.768339287099,479
0.810315061435,0.000731680179724,0.00306278924879,0.0133188604913,0.172571608645,480
0.0595246778846,0.00435726082715,0.0980085363101,0.488016164236,0.350093360742,481
0.0619184667972,0.00468440973006,0.0828230236983,0.333181280404,0.517392819371,482
0.312050962502,0.00185435445325,0.0572623940646,0.432494122068,0.196338166912,483
0.00487216872249,0.0249582330395,0.0992099601363,0.0252509550602,0.845708683042,484
0.489436292288,0.00361950287342,0.0432388870516,0.0825113226351,0.381193995151,485
