Adoption,Died,Euthanasia,Return_to_owner,Transfer,ID
0.0763929342944,0.00276573083523,0.0545555471456,0.471448867893,0.394836919832,1
0.638016737287,0.000380372602381,0.0112313632474,0.209662805285,0.140708721578,2
0.325544656194,0.00495529794534,0.0129419246342,0.177502796239,0.479055324987,3
0.133556817302,0.00258560203647,0.0195396195415,0.139317761278,0.705000199842,4
0.382716981373,0.00142937111719,0.0241494825735,0.316605623191,0.275098541745,5
0.306041832596,0.00178391191438,0.0428967232309,0.437587773607,0.211689758652,6
0.23562661315,0.000280775152052,0.104348348905,0.22493905198,0.434805210814,7
0.917450415015,0.000510682646279,0.00305342585299,0.0464562079105,0.0325292685753,8
0.854962540036,2.27603915166e-05,0.00116473636479,0.0649578723323,0.0788920908757,9
0.39668746108,0.00528550699652,0.0405567031502,0.274936101627,0.282534227147,10
0.604424859649,0.000172322158253,0.00239509301331,0.115561513952,0.277446211227,11
0.0418474550858,0.000761481481976,0.13667323998,0.291864785115,0.528853038337,12
0.51128475469,0.000859523288496,0.00614665362468,0.102267049996,0.379442018401,13
0.346768271317,0.00350346551645,0.0223326167974,0.0965122292027,0.530883417166,14
0.696844394932,0.000687423049859,0.0080459609126,0.157329903777,0.137092317328,15
0.523995826304,0.00027972142205,0.00569246507904,0.109877279748,0.360154707447,16
0.292480988213,0.00141441985385,0.0533516488528,0.453143992025,0.199608951055,17
0.343092028507,0.00291985261853,0.0381199704136,0.393457189862,0.222410958599,18
0.352716364324,0.0079955885978,0.0351781173286,0.259949243529,0.344160686221,19
0.00188813532307,0.0153570412566,0.339721012889,0.00206302432624,0.640970786205,20
0.224370460941,0.000176918345188,0.0208044113521,0.147000601244,0.607647608118,21
0.0,0.00179823342799,0.069255112253,0.00265117566798,0.926295478651,22
0.701749928754,0.00109905486718,0.00598266123509,0.15607089935,0.135097455794,23
0.000188519284767,0.00195865071535,0.010694408581,0.00030099775914,0.98685742366,24
0.738145867439,0.00155293667845,0.00702921688022,0.203507520365,0.0497644586374,25
0.168474784192,0.0172138139479,0.187464473831,0.0815432454273,0.545303682602,26
0.975729733359,0.000113309666929,0.00321635711333,0.00723066290551,0.0137099369557,27
0.00554982881115,0.012930352326,0.0602998494046,0.0655832120906,0.855636757368,28
0.299845311779,0.000843680208102,0.0587845674513,0.425288628457,0.215237812105,29
0.374654811883,0.000540089640251,0.0571603224849,0.295698570421,0.271946205571,30
0.329730501605,0.0135100819656,0.0244697667321,0.117932021321,0.514357628376,31
0.876843576749,0.000112185828947,0.00364715508093,0.0375869953072,0.0818100870339,32
0.298326928807,0.0104018795967,0.113583840581,0.101712808558,0.475974542457,33
0.95528486013,0.000599260133729,0.00195342126267,0.00438391231671,0.037778546157,34
0.544658579827,0.00909804814269,0.0121647105699,0.000307534938094,0.433771126523,35
0.46239895384,0.00172282836655,0.0387897608767,0.214870959045,0.282217497872,36
0.0888289604711,0.0198806103125,0.157668044132,0.0275019690292,0.706120416056,37
0.800806126804,2.42702789873e-05,0.000133678194036,0.0878881647939,0.111147759929,38
0.335344296245,0.00271624790483,0.0412764594627,0.393215877093,0.227447119295,39
0.450662491381,0.000111704169114,0.0109062558972,0.0699573173706,0.468362231182,40
0.0616152650213,0.00405230202456,0.0473380384074,0.504244352151,0.382750042396,41
0.000168734160331,0.00197706230889,0.0194410828077,0.000211133180628,0.978201987542,42
0.52483341377,0.000269617241146,0.0169018555814,0.101298397786,0.356696715621,43
0.000168734160331,0.0116119934,0.0357200895065,0.00261758625907,0.949881596674,44
0.177970507781,0.0145242150891,0.123039548531,0.0894634675371,0.595002261062,45
0.402492534701,0.000763322137094,0.0150880416892,0.0523930569488,0.529263044524,46
0.361161005052,0.0116212880472,0.0364577188601,0.26424286964,0.326517118401,47
0.371556683939,0.000696941325368,0.0309205466261,0.370044348581,0.226781479529,48
0.361832387216,0.00160639534305,0.0328305842974,0.479949515582,0.123781117561,49
0.0594689411427,0.00556129047469,0.0506123613259,0.236207001101,0.648150405956,50
0.441991347445,0.129673436353,0.149221345805,0.0028182220738,0.276295648324,51
0.492658716056,0.000282274595966,0.0182913035049,0.387998274727,0.100769431116,52
0.982844878912,0.00061882982218,0.00157551340252,0.0109734964126,0.00398728145084,53
0.114632234366,0.0735101992679,0.0736904401308,0.000935538313307,0.737231587922,54
0.00304720504567,0.0199047729362,0.301638769963,0.0149891978691,0.660420054186,55
0.263872272026,0.000866859705935,0.0888278481745,0.194966922564,0.45146609753,56
0.515944100136,0.000688535936359,0.0200716691033,0.230949001144,0.232346693681,57
0.0,0.0619394443239,0.00969030192614,0.00333495578124,0.925035297969,58
0.00783052520799,0.0133098553344,0.410643321397,0.0259294038978,0.542286894163,59
0.797117695982,0.000171974522293,0.000475058927553,0.055425007633,0.146810262936,60
0.343428444548,0.0047615352974,0.0171556996977,0.0477175923447,0.586936728112,61
0.338023479335,0.00170981511329,0.0526540626107,0.471406046768,0.136206596173,62
0.266123105905,0.000272176476819,0.00798900598435,0.115344837451,0.610270874183,63
4.57875457875e-06,0.0356652460281,0.022063075753,0.00115655633987,0.941110543124,64
0.00749858974602,0.0196747655363,0.171498191487,0.00807969779608,0.793248755434,65
0.739221308628,0.00183383281303,0.0069643895983,0.190455224947,0.061525244014,66
0.902814264372,0.000543373615099,0.00291763569033,0.00566479845849,0.0880599278643,67
0.124178502232,0.000693455891419,0.219499996481,0.451861269361,0.203766776035,68
0.348716563702,0.00306758751005,0.0464391363145,0.34791290923,0.253863803243,69
0.0146109819304,0.0147914526277,0.230536403906,0.0263601946782,0.713700966857,70
0.00732521368846,0.0129226239964,0.0642477900008,0.0935233214817,0.821981050833,71
0.884817014061,0.000112185828947,0.00105517601672,0.0250492527208,0.0889663713721,72
0.0,0.00195913870842,0.00665377517745,0.00163886339372,0.98974822272,73
0.329260710054,0.00293291756187,0.0505002232937,0.337924807937,0.279381341153,74
0.0,0.0105581522957,0.026754684719,0.00101601664481,0.96167114634,75
0.557612448631,0.0125502849554,0.0119129954711,0.000720155541892,0.4172041154,76
0.965917647148,0.000557506913951,0.00213810267532,0.0136970035763,0.0176897396866,77
0.300123524766,0.0155957869089,0.22902475413,0.0652882054283,0.389967728766,78
0.27960716747,0.000804177826269,0.0797981346829,0.424561273375,0.215229246646,79
0.969116259405,0.000863833107494,0.000403397957071,0.0214276131438,0.00818889638685,80
4.57875457875e-06,0.0132123753744,0.0150375879432,0.000506161429452,0.971239296498,81
0.0,0.0687386259933,0.0572268353649,0.000104166666667,0.873930371975,82
0.72780649979,0.000710313190345,0.00539707349405,0.197420912323,0.0686652012026,83
0.000154369440084,0.0161468746802,0.100222221104,0.00086959398196,0.882606940794,84
0.328968828367,0.00198323598703,0.0497910134669,0.471549970065,0.147706952114,85
0.0249392585656,0.0662792788771,0.243885207133,0.00951592741852,0.655380328006,86
0.0464469722006,0.000695454543156,0.15800814197,0.291367358668,0.503482072618,87
0.478868193611,0.000696620938054,0.0385120271163,0.22618200982,0.255741148515,88
0.00397533273672,0.00709826616158,0.172298944873,0.00728869863216,0.809338757597,89
0.84849775267,0.000334993673496,0.0059524331572,0.00702562066126,0.138189199838,90
0.0133722319709,0.0032085388044,0.593318556079,0.00992833271489,0.380172340431,91
0.0057961376886,0.00692827618122,0.437371308128,0.0113157097211,0.538588568281,92
0.756881104067,0.0013378188976,6.69344042838e-06,0.00137848241832,0.240395901177,93
0.521370731827,0.000796077172746,0.0189147106069,0.351404798047,0.107513682346,94
0.150495693099,0.0202514055694,0.186441455588,0.0987149966173,0.544096449126,95
0.645240868978,0.000712610439186,0.0161250186134,0.192947590132,0.144973911837,96
0.506802937428,6.96803374331e-05,0.0129053549813,0.374923132419,0.105298894835,97
0.000182470424067,0.00135227246189,0.0106546132267,0.00083381489889,0.986976828988,98
0.288993869758,0.053423499398,0.105791806527,0.0015113366138,0.550279487703,99
0.30109125384,0.00134438923923,0.0488470633711,0.418482810858,0.230234482691,100
0.980206537272,0.000338118825237,0.000937718532195,0.00896119369494,0.00955643167543,101
0.644870035119,0.0210100258994,0.0127286515758,0.167197685551,0.154193601855,102
0.413770668254,0.000280936862524,0.0405811835909,0.351733393833,0.193633817459,103
0.461369066673,0.000838641566651,0.0266179862858,0.241908745591,0.269265559883,104
0.269328969566,9.71588026383e-05,0.00966599591555,0.117054383087,0.603853492629,105
0.718719549729,0.000448088092717,0.00717381821633,0.193674640043,0.0799839039191,106
0.362102890171,0.00175852204,0.0448834281309,0.460499942027,0.130755217631,107
0.0273253650769,0.00141307858488,0.100299111933,0.437768705176,0.433193739229,108
0.959493851177,0.00153489084319,0.000215271794606,0.0180458080009,0.0207101781844,109
0.315279678821,0.00532043861172,0.0464915930053,0.256446314758,0.376461974804,110
0.550076419069,0.000449726976749,0.00797803946626,0.349890468516,0.0916053459726,111
0.67799348765,0.000461049044915,0.00751283873774,0.175122178206,0.138910446362,112
0.330475706609,0.00305535930286,0.0270338563347,0.47630910591,0.163125971843,113
0.315721672374,0.00163820605405,0.034020317319,0.469564737873,0.17905506638,114
0.00536270233472,0.00962510786709,0.336443727908,0.023033486879,0.625534975011,115
0.696478554419,0.00162453676663,0.00177608249479,0.0955961948369,0.204524631483,116
0.683352032882,0.00447656279912,0.0047652259958,0.131791926421,0.175614251903,117
0.0183589038595,0.00111025508577,0.141667840967,0.525839246526,0.313023753561,118
0.134054398602,0.00326951441468,0.17247211714,0.581018945721,0.109185024123,119
0.170856536298,0.0441750275248,0.157510974654,0.0866234540101,0.540834007513,120
0.979935991055,0.000237705929242,0.000732915464506,0.00964191658928,0.00945147096196,121
0.924366750195,0.00264825858061,0.000815356639471,0.00223163687006,0.0699379977148,122
0.766145566599,0.0010461234405,0.00186432885575,0.00775911805211,0.223184863053,123
0.0,0.13234166711,0.0647344071715,0.000604888167388,0.802319037551,124
0.0008231751838,0.0104976854251,0.0423725917362,0.0363762583581,0.909930289297,125
0.934040121357,0.0,5.59942398687e-05,0.0395197387889,0.0263841456144,126
0.248323371862,0.00951304524122,0.306030661558,0.0541841424143,0.381948778924,127
0.832367004277,0.000431850294542,0.000425855910527,0.0339141169693,0.132861172549,128
0.979845859876,0.000500461661812,0.000435632800381,0.0110945654742,0.00812348018744,129
0.906843492481,0.00653599363842,0.0,0.00558785177412,0.0810326621065,130
0.488966845359,0.00177891098839,0.0164149038055,0.405081244834,0.0877580950135,131
0.981437537208,0.000101439816239,0.00162599077212,0.00788466029022,0.00895037191308,132
0.807919164757,5.95238095238e-06,0.00134591160004,0.00815357729071,0.182575393971,133
0.409246673696,0.000539520566761,0.0413971009394,0.290615739096,0.258200965702,134
0.787044825014,0.000730300346832,0.0588305724863,0.10845779906,0.0449365030921,135
0.380637610113,0.000321933879928,0.073693089017,0.280732602272,0.264614764718,136
0.570615074694,0.000631743603479,0.0353266928375,0.146480522572,0.246945966293,137
0.0,0.027319345817,0.0769323247435,0.00152950984201,0.894218819598,138
0.305240025636,0.00031894314171,0.0198677140022,0.533054074987,0.141519242234,139
0.651760857321,0.00123538217671,0.00699555802466,0.260561947483,0.0794462549951,140
0.530799809784,0.00105713068754,0.0117755296478,0.176611485631,0.279756044249,141
0.451964050796,0.0547803089273,0.0919993998331,0.00232834422532,0.398927896218,142
0.294136571792,0.00142173843996,0.04978704555,0.428795681449,0.225858962769,143
0.255474588685,0.0033760170948,0.0635513697936,0.493336832493,0.184261191933,144
0.540146832922,0.00104476961586,0.0149000792142,0.360966013407,0.0829423048412,145
0.326123804153,0.00210228913183,0.0330666894607,0.516835961779,0.121871255476,146
0.521603340742,0.00094755416774,0.0390160005866,0.308306345901,0.130126758602,147
0.2776887181,0.0014268129627,0.0597361237964,0.454792208509,0.206356136633,148
0.00446766961129,0.00617235511784,0.330365888402,0.0234533615581,0.635540725311,149
0.233027416433,0.0673484473759,0.155821797322,0.00944519601072,0.534357142859,150
0.155280947728,0.0203475710266,0.236387871513,0.100348648855,0.487634960878,151
0.00564556753668,0.00356353877559,0.158794263676,0.00150425239406,0.830492377618,152
0.488485759537,0.000131080353059,0.00299602758474,0.125700266299,0.382686866226,153
0.0187885168152,0.000893106929409,0.102455745162,0.434470212527,0.443392418566,154
0.684524659248,5.27610727468e-05,0.000634581474239,0.0222790897448,0.29250890846,155
0.647912920996,0.000924553880024,0.00481773225222,0.0752108889339,0.271133903938,156
0.342396774804,0.00152610123997,0.0301276991056,0.497364441261,0.128584983589,157
1.37362637363e-05,0.0136444931589,0.0289938323362,0.000352707012056,0.956995231229,158
0.315656971083,0.00529606317835,0.0446394982997,0.257493487761,0.376913979678,159
0.384860720894,0.000531676809844,0.0549797234488,0.371429925515,0.188197953332,160
0.41634173295,0.000627765293576,0.0424499335138,0.26459279788,0.275987770362,161
0.464324472679,0.00153143699952,0.0337412836627,0.209089831407,0.291312975252,162
0.0,0.0415087663041,0.0368071312,0.000931171260775,0.920752931235,163
0.984558056282,0.00037846533211,0.000748612952888,0.01055648428,0.00375838115307,164
0.37684592803,0.00151982567095,0.026243174771,0.474751744773,0.120639326755,165
0.893443634028,0.000863467807512,4.49366224201e-05,0.00187631805268,0.103771643489,166
0.675411601708,0.000551349874534,0.00684536205937,0.241128565485,0.0760631208722,167
0.678293962416,0.00118310644002,0.00992280321485,0.244404246095,0.0661958818344,168
0.646281461701,0.000155175608584,0.00516233859611,0.259073289867,0.0893277342277,169
0.77650962392,5.41641448264e-05,0.000447271139951,0.0211615394465,0.201827401349,170
0.000495168626802,0.0045541757638,0.321642667232,0.00314694049896,0.670161047878,171
0.355158280998,0.00195057549998,0.0273317293587,0.301785306413,0.31377410773,172
0.283971815195,0.000729499405447,0.0631689413766,0.433692046833,0.218437697189,173
0.282468089764,0.00107396106408,0.0643029749329,0.445990719291,0.206164254948,174
0.336391484541,0.004443533918,0.0462618299685,0.350641297021,0.262261854552,175
0.563260964509,0.104065406888,0.120611736821,0.00154764101639,0.210514250766,176
0.303651004564,0.00515360109046,0.0519401228559,0.486738084957,0.152517186532,177
0.263817511581,0.000270884882282,0.0166576797025,0.0700181311768,0.649235792658,178
0.50011043301,0.00222082675238,0.0227229726926,0.0794060001636,0.395539767382,179
0.00282392762389,0.00764633452063,0.192151472608,0.0257188680178,0.77165939723,180
0.0,0.00846677478788,0.0317817335514,0.00207241356727,0.957679078093,181
0.464327309227,0.0744246514892,0.0742432436507,0.00111682634065,0.385887969293,182
0.457711693343,0.000957725035865,0.0308928246911,0.223611007637,0.286826749293,183
0.0675145089885,0.00221694492222,0.0874870823897,0.317895808336,0.524885655364,184
0.556169092176,0.00067003586094,0.00754289107613,0.341965635816,0.0936523450716,185
0.319303001635,0.000265398676898,0.0318667515929,0.453277305962,0.195287542133,186
2.19298245614e-05,0.0131602779153,0.0296278241904,0.00225724833193,0.954932719738,187
0.371249618124,0.00255323481229,0.0387820977579,0.341337006476,0.246078042829,188
0.661589024235,0.00020847638661,0.00224012816701,0.062846256037,0.273116115175,189
0.913237684546,2.10080990406e-05,0.000212926409909,0.0386067477436,0.0479216332015,190
0.298714561653,0.00292182956516,0.0570848275391,0.444260761674,0.197018019568,191
0.532381727377,0.000373045517549,0.0230898899476,0.332535658109,0.111619679049,192
0.0723832707531,0.00105642528363,0.0248284801873,0.199190981649,0.702540842127,193
0.380091406386,0.000306369396664,0.00926984130736,0.0779635344055,0.532368848504,194
0.787366762207,4.12674314878e-05,0.00112295734591,0.0551140353041,0.156354977712,195
0.676821364524,0.0114243602492,0.000722706436705,0.0207663750875,0.290265193703,196
0.486542872469,0.000917299868908,0.0304811798036,0.22486839273,0.257190255129,197
0.686692557124,0.000317923445915,0.00775034043496,0.22271276093,0.0825264180651,198
0.305256045348,0.00132108162429,0.0473700117234,0.432903328693,0.213149532612,199
0.702960349129,0.000923181080129,0.00706578187162,0.191222696584,0.0978279913355,200
0.0,0.0073921584695,0.0374065059524,0.00547863893982,0.949722696638,201
0.342692021268,0.00844785281717,0.0619353456447,0.249485361717,0.337439418553,202
0.595398377716,0.000599549094996,0.0133565812526,0.290051951627,0.100593540309,203
0.785340418163,0.00145159455528,0.00248870525892,0.0187343330083,0.191984949014,204
0.0326091224706,0.00209919031226,0.0729170661244,0.424708853218,0.467665767875,205
0.630412373268,0.00580114531407,0.0107605071126,0.200958803319,0.152067170986,206
0.455857514165,0.00100007556714,0.0315382724813,0.348596053917,0.16300808387,207
0.0417721468946,0.00116549826484,0.143070262221,0.429336850618,0.384655242001,208
0.399666310414,0.000647842016767,0.0352647328209,0.26774428247,0.296676832278,209
0.390333812893,0.0010178824533,0.0451955337581,0.292738418756,0.27071435214,210
0.00443288419772,0.014787546641,0.261248358847,0.0102267965625,0.709304413752,211
0.248267721098,0.00353082426211,0.0649084038857,0.497482301409,0.185810749345,212
0.505273507258,0.000133848707176,0.0345582953454,0.358686714484,0.101347634206,213
0.41203766032,0.000215508437744,0.00848771384227,0.0580708886561,0.521188228744,214
3.06748466258e-05,0.0154411217046,0.0109553429819,0.00273176241078,0.970841098056,215
0.358486039515,0.00812615370808,0.0188965702556,0.170724092127,0.443767144394,216
0.949865856059,0.000326340656695,0.000837640700524,0.0106396050033,0.0383305575801,217
0.252482651383,1.82648401826e-05,0.0103959448689,0.103476475157,0.633626663751,218
0.404793535379,0.0025795483726,0.0422285936963,0.250397613764,0.300000708788,219
0.263850179259,0.00233545108518,0.0596733771154,0.467614975129,0.206526017411,220
0.0480421928251,0.000572893965705,0.122529857166,0.401063576042,0.427791480001,221
0.0108441900866,0.0515157493143,0.270078424157,0.00888014348633,0.658681492955,222
0.181880281308,0.133433907994,0.115459508274,0.00240911418331,0.566817188241,223
0.531684961511,0.000553772112732,0.0196607121485,0.230180015622,0.217920538606,224
0.115961590003,0.000215275800893,0.244460746115,0.551507686828,0.0878547012537,225
0.497344282453,0.00185629430983,0.0186742902428,0.391958606471,0.0901665265232,226
0.00690501751982,0.0248617812492,0.228277603517,0.00356817862946,0.736387419085,227
0.0,0.02056383037,0.00483508758971,0.0145590733845,0.960042008656,228
0.646089516219,0.000704726513841,0.0327828957396,0.168116235662,0.152306625866,229
0.0295512993448,0.0536859716195,0.223648507533,0.0213004023684,0.671813819134,230
0.983349767349,0.000222929430507,0.00194690118686,0.0096423411722,0.00483806086165,231
0.866880683977,0.00113781229542,7.77254269366e-05,0.0106174585278,0.121286319773,232
1.37362637363e-05,0.0169175622063,0.0299252500959,0.0014366442393,0.951706807195,233
0.0308883177811,0.000284433481595,0.141407737523,0.426376992952,0.401042518262,234
0.290764789192,0.00109072938582,0.0602638705736,0.44239799454,0.205482616308,235
0.977800058537,0.000144484899682,0.00119266329498,0.00943082405278,0.0114319692153,236
0.531694270797,0.000193235795089,0.0157146925251,0.350665966115,0.101731834768,237
0.00941475366938,0.0243465238221,0.159101980624,0.0383778638857,0.768758877999,238
0.693846562068,0.00117572025203,0.00815882445382,0.152838803172,0.143980090054,239
0.790515055996,0.000551581035801,0.0020722832205,0.0487263240821,0.158134755666,240
0.767451006786,3.43915343915e-05,0.000621759995919,0.00499917883528,0.226893662849,241
0.331871922666,0.00235424208295,0.0466175310062,0.471031225881,0.148125078364,242
0.859124191649,0.00308896000906,0.00282201317201,0.00216773222456,0.132797102946,243
0.562803401803,0.00105915747585,0.0215398792851,0.267935211151,0.146662350285,244
0.37657400087,0.000374016850156,0.0406066570249,0.275766431234,0.30667889402,245
0.313572676137,0.0029302681339,0.0456503968809,0.48483407334,0.153012585508,246
0.523511627417,0.00024826190533,0.0102457184164,0.228155087061,0.237839305201,247
0.605037458465,0.00102628246509,0.0168561871691,0.211104699029,0.165975372871,248
0.299774128896,0.00263061891807,0.0599524038411,0.44290663594,0.194736212404,249
0.878475949459,0.000711522925568,0.000698868192548,0.00296300296164,0.117150656462,250
0.00101654623202,0.0203239178526,0.0246468260465,0.520919199838,0.433093510031,251
0.320793410539,0.00316105996936,0.0431876115175,0.409079632327,0.223778285646,252
4.57875457875e-06,0.00349391966089,0.0172065525038,0.000338513573541,0.978956435507,253
0.313683816037,0.00248911485198,0.0433558334022,0.423037073583,0.217434162126,254
6.56079214903e-05,0.00218015833649,0.00849154445375,0.000422032823167,0.988840656465,255
0.410774066246,0.000382652215114,0.036746629473,0.300713780079,0.251382871988,256
0.305614100799,0.000772703079754,0.0178857783024,0.0997507245519,0.575976693267,257
0.331771378814,9.60885672439e-05,0.0104431053773,0.0705924524604,0.587096974781,258
0.247189289396,0.00630512903065,0.0546943003097,0.474271077113,0.217540204151,259
0.966619559977,2.88210327262e-05,7.61562118833e-05,0.0137604674671,0.0195149953114,260
0.769506389397,1.6385326292e-05,0.000333981195028,0.0384163011722,0.19172694291,261
0.661750782445,0.000386696482273,0.00565447195738,0.196958512498,0.135249536617,262
0.795807512533,0.00042241259728,0.00455744264182,0.133399085959,0.0658135462687,263
0.407276946323,0.000658540155486,0.0522279709754,0.277528602964,0.262307939583,264
0.32959690383,0.000225093675551,0.0305794812318,0.46104151465,0.178557006613,265
0.54826989174,0.00108123129995,0.0192894546028,0.281198251574,0.150161170783,266
0.0014465035111,0.0074849184301,0.065997470455,0.008993459835,0.916077647769,267
0.00368721758806,0.0142532023602,0.359117775558,0.0220106317007,0.600931172793,268
0.00109991653783,0.0169636038629,0.261730342142,0.00970471535815,0.7105014221,269
0.915020523792,0.000480317185335,0.00652541091347,0.0466656129726,0.0313081351364,270
0.00682466331311,0.015272105247,0.230027626565,0.0102463154658,0.737629289409,271
0.127578347607,0.0173428871892,0.273208485457,0.0260074195121,0.555862860235,272
0.0373225425421,0.0139549983099,0.0644480728081,0.644851201355,0.239423184984,273
0.187022914662,0.00762130307129,0.21530064998,0.149325585079,0.440729547207,274
0.275724157176,0.0209934159866,0.275648112596,0.0776668409857,0.349967473256,275
0.000531098482938,0.0109856553855,0.173353605748,0.000278425005274,0.814851215379,276
0.0,0.0161238673978,0.0213508534093,0.00629032314637,0.956234956047,277
0.201313211931,0.0214573605645,0.110232567374,0.107418445885,0.559578414246,278
0.823606493024,0.00436885913783,0.0128509496465,0.10050644804,0.0586672501519,279
0.0589115742657,0.00835137578174,0.136349021093,0.10666033424,0.68972769462,280
0.471358457497,0.000110170656903,0.0315534164328,0.348460499962,0.148517455452,281
0.288947871731,0.0035494128103,0.0444560528795,0.43092090139,0.23212576119,282
0.000595755017027,0.0133898341146,0.0734459252773,0.0286122203382,0.883956265253,283
0.90283948284,0.000302866665674,0.00161062165063,0.00892113287387,0.0863258959696,284
0.285077316273,0.00177579698159,0.0795130571313,0.439783035153,0.193850794461,285
0.478343089558,0.00222856268465,0.0188563995466,0.40557095935,0.0950009888609,286
0.0,0.0173645985227,0.275989895197,0.0451314829848,0.661514023296,287
0.00020473574045,0.028549214028,0.0443637356867,0.000243051175299,0.92663926337,288
0.407852891696,0.00400010051485,0.0406665445576,0.255624021107,0.291856442125,289
0.326314758645,0.000521069173809,0.0408090824725,0.456249558821,0.176105530887,290
0.57849210175,0.000546043640396,0.00868360942033,0.0545662559873,0.357711989202,291
0.93884695413,0.00038133214521,0.00133288990256,0.0028879443831,0.0565508794396,292
0.869020429283,0.000128205128205,0.00105090957467,0.00642101306967,0.123379442945,293
0.0254578207538,0.00111658117763,0.17800149601,0.103288711911,0.692135390148,294
0.317000848253,0.00212579140363,0.0450477157807,0.505348351047,0.130477293515,295
0.00259121480191,0.0197879505952,0.0565889323653,0.0530309631776,0.86800093906,296
0.377341639175,0.000724012158586,0.0520139080351,0.286684860771,0.283235579861,297
0.0161977448239,0.0269284911578,0.347506219992,0.0604124334745,0.548955110551,298
0.669981372811,0.000533349159184,0.0128903089309,0.16878780757,0.147807161529,299
0.314682114424,0.00205864925274,0.0158166939034,0.23769611463,0.429746427789,300
0.46644253064,0.00251131442197,0.0237372144289,0.408224688856,0.0990842516535,301
0.979947118204,0.000435754381856,0.000831749329498,0.00910445857655,0.00968091950808,302
0.965392884143,0.000331326354955,0.000837585244717,0.00676028301433,0.0266779212426,303
0.377158455089,0.00639070919147,0.0613698670877,0.30320141921,0.251879549422,304
0.00302956853781,0.00684286055852,0.382221313777,0.0408414107484,0.567064846379,305
0.200581159228,0.00794843530159,0.0947171211018,0.623534074613,0.073219209756,306
0.801873160252,0.00221199117174,0.000995614277585,0.0212043399836,0.173714894315,307
0.544497916229,0.000367113019416,0.0156427849694,0.2995328616,0.139959324183,308
0.717773958575,0.000147113569729,0.00319415943888,0.198710988734,0.0801737796828,309
0.0498236353964,0.116585178819,0.0617441101005,0.00222758695553,0.769619488729,310
0.513323094812,0.00139234248432,0.0299119490841,0.325104327381,0.130268286239,311
0.979121827239,0.000315478205565,0.000651013752222,0.00889619716418,0.0110154836394,312
0.00333866677718,0.00787004197521,0.133445760243,0.00243872718657,0.852906803818,313
0.298645918173,0.00122268864891,0.0535486136829,0.44969306619,0.196889713306,314
0.0317809839082,0.0120694451447,0.00989177201293,0.00352620848354,0.942731590451,315
0.348677925275,0.000246177923095,0.0260037444488,0.459646767743,0.16542538461,316
0.287402500398,0.00123497964942,0.0483941437308,0.425845481685,0.237122894537,317
0.501584409733,0.00229399794011,0.00835216998286,0.0275814600897,0.460187962255,318
0.0,0.00880720380899,0.0236549618475,0.00167751123861,0.965860323105,319
0.441945237976,0.00112160354289,0.0187459815132,0.435577418312,0.102609758656,320
0.350088601331,0.00517766158597,0.0257343974654,0.268431777133,0.350567562485,321
0.0,0.0976194136553,0.0515170174348,0.00171454856715,0.849149020343,322
0.0,0.0487066883547,0.110932015989,0.00459318724873,0.835768108408,323
0.97623844423,0.000302122045382,0.00183310458878,0.00732318173344,0.0143031474019,324
0.948726047253,0.000333667207221,0.000683058040268,0.0183952242026,0.0318620032969,325
0.687359733898,0.000360709810306,8.48176420696e-06,0.00239916293895,0.309871911588,326
0.9040713513,1.8112047628e-05,8.0146309041e-05,0.0516550129826,0.0441753773604,327
0.356870413446,0.00189918372691,0.0417356358658,0.453671563118,0.145823203843,328
0.792141859646,7.55288963389e-05,0.00237944251843,0.121262670729,0.0841404982106,329
0.0476469136011,0.00587256768541,0.114179966424,0.366845142177,0.465455410113,330
0.170449586562,0.00113615185152,0.170949005632,0.57563283903,0.0818324169238,331
0.00801422191427,0.00919746330008,0.258546255832,0.0142349382603,0.710007120693,332
0.91854850812,0.00865601980039,0.0,0.0040416720619,0.0687538000173,333
0.826198532105,7.93650793651e-06,0.000601063829787,0.0181555856476,0.15503688191,334
0.00145156454663,0.0462428331634,0.135131908365,0.0232657901411,0.793907903784,335
0.953076816965,0.000424398030284,0.000760376851196,0.0215340971685,0.0242043109849,336
0.0162031208665,0.00760216242911,0.653941211816,0.0068167226589,0.315436782229,337
0.416989139649,0.00801244748284,0.0520773760828,0.223429190832,0.299491845953,338
0.00555509319271,0.0375951687678,0.202666375286,0.0526376549542,0.701545707799,339
0.371354177362,0.000591692610961,0.0712597638191,0.288976574318,0.267817791891,340
0.129298683111,0.010451927785,0.117668941083,0.115736998208,0.626843449813,341
0.658813537704,0.00373534119066,0.0104763093582,0.0173985695493,0.309576242198,342
0.000992908193339,0.0269852758668,0.698055710707,0.0260512942966,0.247914810937,343
0.68515459157,0.0073805684413,0.00406301144454,0.121753998732,0.181647829812,344
0.593908397254,0.00021099710729,0.00828966413045,0.109759295848,0.28783164566,345
0.469202300945,0.00298131413351,0.0230571363626,0.398518787319,0.10624046124,346
0.316197625981,0.000607003510361,0.0354054158961,0.477815531262,0.16997442335,347
0.108457582458,0.0856187323657,0.0247163489938,0.00308957910854,0.778117757074,348
0.176100349698,0.00127122194982,0.105260927225,0.603642166443,0.113725334684,349
0.380734756489,0.00207356934,0.0534554717055,0.340341926144,0.223394276322,350
0.546733398237,0.000860940755325,0.00381869546094,0.123362656238,0.325224309309,351
0.0,0.00344224038696,0.0267635181855,0.0024780505702,0.967316190857,352
0.292929873784,0.00201904043211,0.0629276582936,0.446844493696,0.195278933794,353
0.98508896378,0.000373085525836,0.000739034810414,0.0105918112235,0.00320710466017,354
0.697791430963,0.00160178855083,0.00867466048873,0.154355312371,0.137576807626,355
0.00449387160473,0.0303577898999,0.251719685461,0.00200286205214,0.711425790982,356
0.497957161753,0.000735981255453,0.00309804948589,0.0495971909369,0.448611616569,357
0.589779014824,0.000555613479331,0.00130779471586,0.0341227026872,0.374234874293,358
0.683402175116,0.0484597123046,0.0566267366831,0.0158189101084,0.195692465788,359
0.544803021634,0.000321690677184,0.000838467329527,0.0268792063061,0.427157614053,360
0.817313084236,0.000130201195641,0.00152321979087,0.004482218017,0.176551276761,361
0.0411832481647,0.000676789830548,0.176524710744,0.432653404321,0.348961846939,362
0.298123618066,0.00333419698807,0.0573317539749,0.493286914933,0.147923516038,363
0.764760096107,0.000270356264772,0.00259899109363,0.00609367892858,0.226276877606,364
0.402100894184,0.00496951836654,0.0270147038015,0.218725732506,0.347189151142,365
0.00382264190496,0.00448114392774,0.827989347174,0.00328686753203,0.160419999461,366
0.452809014354,0.000592573843213,0.00355911056874,0.0295342761384,0.513505025096,367
0.000227272727273,0.0057208338719,0.697442333036,0.0268499823168,0.269759578048,368
0.00175230653351,0.0119413079237,0.570278161969,0.0194111178326,0.396617105741,369
0.719035450635,0.000749558103501,0.0016993812717,0.0275518110357,0.250963798954,370
0.41903509391,0.00312320681147,0.039426644419,0.263239136647,0.275175918212,371
0.799693200594,0.00250414113159,0.00487816920177,0.0453824146689,0.147542074403,372
0.983951307322,0.000930645007816,0.000391055845566,0.00975051268,0.00497647914471,373
0.288466745195,0.00374371139665,0.0556588197973,0.497976687948,0.154154035663,374
0.0,0.0236778251796,0.28258461459,0.0106204922686,0.683117067962,375
0.293163903931,0.0023164044766,0.0421953935721,0.452907924452,0.209416373567,376
0.448228838638,0.000820370449453,0.0418903728802,0.222342038745,0.286718379287,377
0.679021291824,0.00078336533226,0.00626905525727,0.168586859999,0.145339427588,378
0.46464278416,0.000621101354539,0.0245888901809,0.21230968216,0.297837542144,379
0.215964156604,0.0577702584674,0.0167686916815,0.00239394880867,0.707102944439,380
0.887094259753,0.000346051354077,0.000448968616195,0.00843028749864,0.103680432778,381
0.00112446816461,0.0246059037339,0.117302908219,0.00347432160926,0.853492398273,382
0.00285012399859,0.108319811501,0.104643221174,0.00159540403026,0.782591439296,383
0.0010908064121,0.0102762742313,0.149052729164,0.00168216972595,0.837898020467,384
0.527426117473,0.000349954732168,0.00863796574391,0.368692179929,0.0948937821222,385
0.308577322534,0.00239152543618,0.04566833309,0.503728905911,0.139633913029,386
0.000200156985871,0.00225957133661,0.0259570996869,0.000490744583337,0.971092427407,387
0.724651123735,0.000214119418058,0.00325140729024,0.184715842079,0.0871675074779,388
0.872729628714,0.00243174889651,0.000310214126559,0.00371668661904,0.120811721644,389
0.800692550616,0.000208994752531,0.00358842474831,0.0057150178173,0.189795012066,390
0.0793643521906,0.00080736196143,0.211499619761,0.596272570488,0.112056095599,391
0.0,0.00795516818134,0.0164154415371,0.00498258144018,0.970646808841,392
0.912456645601,0.00012675739581,0.000466222885171,0.00216436001209,0.0847860141063,393
0.00302374581985,0.0270999255738,0.11390524722,0.00894597715275,0.847025104234,394
0.380645069149,0.000580980601873,0.059298873544,0.289079994262,0.270395082443,395
0.155673408765,0.00194442230927,0.0825624454369,0.575489779298,0.184329944191,396
0.0529433535945,0.00281920355526,0.0869560932984,0.341849912959,0.515431436592,397
0.539700677597,0.0148818792639,0.0317962247128,0.00839349731062,0.405227721115,398
0.683057426095,0.000263509478697,0.00723785231887,0.237561456733,0.0718797553747,399
0.905960157941,2.10080990406e-05,0.000197872651542,0.0452793628282,0.0485415984801,400
0.985808656207,0.000148508996964,0.000523677495304,0.00755866725681,0.00596049004385,401
0.704352409728,0.000918563163049,0.00733780255823,0.180953582618,0.106437641933,402
0.482873905213,0.00116692031279,0.0349102307901,0.214468702976,0.266580240709,403
0.00294996648329,0.0734414384224,0.125392303548,0.00251102170092,0.795705269846,404
0.318592952423,0.0163792972139,0.00762863504407,0.0255720413453,0.631827073974,405
0.332486295378,0.00230908139227,0.0490436245724,0.487550480942,0.128610517715,406
0.651559769158,0.0112807659582,0.00201051993433,0.0204486946793,0.314700250271,407
0.116107343994,0.00282950115698,0.173157053397,0.548769818347,0.159136283105,408
0.751561752148,0.000310599779612,0.000969709198883,0.0566768367707,0.190481102103,409
0.0,0.165077393337,0.0458968489617,0.000208333333333,0.788817424368,410
0.0569329333034,0.002514187567,0.0553041807329,0.593984517213,0.291264181184,411
0.741101198774,0.000246914711899,0.00325311925331,0.00591020590745,0.249488561354,412
0.456860439497,0.000942258084457,0.0362286126222,0.233668539868,0.272300149928,413
0.98014219789,0.00047186475135,0.000390842321058,0.0097240279627,0.00927106707505,414
0.27623696116,0.00265066101844,0.0569233787126,0.45936388268,0.204825116429,415
0.986642547187,0.00056563130894,0.000448588156121,0.00906340880517,0.00327982454249,416
0.48691670138,0.000220557955897,0.0532465688975,0.361571257564,0.0980449142029,417
0.388931464703,0.000577740404477,0.032731825356,0.278081487313,0.299677482224,418
0.58753156527,0.000354882395757,0.0163581493585,0.020462433873,0.375292969103,419
0.483352263378,0.000489712909356,0.00970440389488,0.0778187975349,0.428634822282,420
0.801597146951,2.02349588853e-05,0.000341767268756,0.0130633014775,0.184977549344,421
0.000174783021031,0.00148082592496,0.0115642648279,0.000659341846755,0.986120784379,422
0.000187926079523,0.00168905706284,0.0145210291205,0.00052361311749,0.98307837462,423
0.909720707306,0.00473558481252,6.30764532356e-05,0.00334084314503,0.0821397882834,424
0.744965306752,0.00180462748697,0.00325469686923,0.0260959887184,0.223879380173,425
0.00178008169242,0.0352774980239,0.106226961597,0.0443291252924,0.812386333394,426
0.845570894948,0.000141967547978,0.000602993108773,0.0377594222354,0.11592472216,427
0.00445880144208,0.0192535377626,0.149736422401,0.00848980627137,0.818061432123,428
0.155869176875,0.00293864127659,0.0189367848161,0.129968862466,0.692286534566,429
3.06748466258e-05,0.0038098979502,0.0177670051426,0.000782661337519,0.977609760723,430
0.676504531426,0.00153234354465,0.00174207691527,0.0402358635884,0.279985184525,431
0.314452028194,0.00236196842677,0.0505695451497,0.430831311179,0.20178514705,432
0.735375493126,0.000662714306365,0.005558316408,0.189626696804,0.0687767793549,433
0.273490280318,0.00190437977453,0.0521500538683,0.429702745158,0.242752540881,434
0.00113850791442,0.0141250979564,0.0737851856822,0.00141158602354,0.909539622423,435
0.0090438119225,0.0153683349169,0.135334491372,0.0101378834982,0.83011547829,436
0.504177269408,0.00132755047701,0.00757819677802,0.0242037575151,0.462713225822,437
0.40112587873,0.000848231174048,0.0411630032101,0.276599907321,0.280262979564,438
0.00434382115256,0.0086923702248,0.317931611804,0.0244384694497,0.644593727369,439
0.677433141577,0.0186613063661,0.000622335373242,0.0344871427335,0.26879607395,440
0.0415810288922,0.00144614081721,0.127165365116,0.18194659479,0.647860870384,441
0.44099342676,0.00187573861564,0.038675037609,0.195556526492,0.322899270524,442
0.581803142079,0.000129481651973,0.00222595451333,0.0643897621066,0.351451659649,443
0.292667493908,0.00238743838751,0.0468697315455,0.440899513516,0.217175822643,444
0.366082192593,0.000863860029369,0.0888762823333,0.283738721775,0.260438943269,445
0.695263469896,0.000339389634537,0.0127308779745,0.16362085231,0.128045410185,446
0.51806833349,0.0170277047822,0.0380057095371,0.215187017488,0.211711234702,447
0.281182948212,0.022677146508,0.0683402393855,0.0051278408081,0.622671825086,448
0.579342467891,0.090754637144,0.0923217416832,0.00336058215663,0.234220571126,449
0.226470547654,0.00584376374745,0.047549141685,0.132845335775,0.587291211139,450
3.26797385621e-05,0.00391042040985,0.018372631391,5.45158454809e-05,0.977629752615,451
0.442782768429,0.0139748125637,0.140289038681,0.215939342853,0.187014037473,452
0.543140849439,0.000511207727256,0.00803170526855,0.374543968422,0.0737722691432,453
0.00551021030507,0.0100248603335,0.426146627771,0.0164710835089,0.541847218081,454
0.655621727695,0.000731214852908,0.0125040277134,0.250709283101,0.0804337466375,455
0.48229782598,0.00255692033107,0.0253385542001,0.388694714399,0.10111198509,456
0.579917522911,0.00017083478224,0.000561036878962,0.0187913350691,0.400559270358,457
0.0419290626039,0.000739618329231,0.138605649914,0.380464038755,0.438261630397,458
0.851389075023,0.00140713408797,0.00516515719104,0.088349831494,0.0536888022039,459
0.0,0.175027758698,0.0699703505814,0.00183010940952,0.753171781311,460
0.60715933827,0.000192578337927,0.0124021173015,0.231470641668,0.148775324422,461
0.336659439776,0.0018264498506,0.0289328968218,0.502616076567,0.129965136985,462
2.75103684195e-05,0.0135790860117,0.0251462981373,0.000902334778339,0.960344770704,463
0.045351129016,0.00160894830935,0.136580517892,0.456481258735,0.359978146049,464
0.41051136097,0.000545110315695,0.0645153068776,0.270824835223,0.253603386614,465
0.472567461634,0.00119396060897,0.0333722092908,0.20624585865,0.286620509817,466
0.0161456676081,0.00980950015355,0.480524898781,0.0138028542114,0.479717079246,467
0.316932633705,0.000271154671985,0.0329503153033,0.221588372945,0.428257523375,468
0.58410383399,0.000251998999894,0.0126453005889,0.137762726593,0.265236139829,469
0.32629830521,0.000128604941412,0.00742682416772,0.0638105537083,0.602335711973,470
0.0029870508467,0.00791775297205,0.126117307843,0.00447678572489,0.858501102614,471
0.000177404295051,0.0330277612685,0.501327691666,0.0130225172542,0.452444625516,472
0.884388141299,0.000360366892441,9.42187429981e-05,0.0078606516312,0.107296621434,473
0.358396871225,0.00246048230707,0.0443727778328,0.339294367251,0.255475501384,474
0.545980507089,0.000523097392919,0.00924471351173,0.356874876185,0.0873768058212,475
0.806303891715,0.000715437479213,0.0149679546216,0.128048122966,0.0499645932181,476
0.00390053305107,0.0134855650619,0.42379256749,0.0200488704634,0.538772463934,477
0.517382450373,0.000243070145208,0.0244769987597,0.341321608177,0.116575872546,478
0.0094557311146,0.0150613606524,0.320138572128,0.0177133339478,0.637631002157,479
0.791018152502,0.000116019974563,0.00132405118501,0.00429052277956,0.203251253559,480
0.0601797693752,0.00323971208432,0.0695921105846,0.594305856039,0.272682551917,481
0.0457438936113,0.00555486904076,0.0916110213158,0.341459842113,0.515630373919,482
0.262220075323,0.00166716783104,0.0574997596942,0.460141019239,0.218471977912,483
0.000638304048577,0.0252317487289,0.0875320650289,0.0199812188233,0.86661666337,484
